sample	Chromosome	Start.bp	End.bp	n_probes	length	seg_sigma	W	copy_ratio	modal_cn	expected_cn	subclonal	cancer_cell_frac	ccf_ci95_low	ccf_ci95_high	hz	logR	norm_modal_cn	driverSCNA	arm	gps_start	gps_end
R1d1xx1	1	93709	39171571	912	39077862	0.00414	0.01455	0.46304	2	2	0	1	1	1	0	-0.110791267905087	0	NA	p36.33-p34.3	93709	39171571
R1d1xx1	1	39247132	39926290	544	679158	0.00536	0.00025	0.42173	2	2	1	0.44	0.28818	0.58588	0	-0.245608442699326	0	NA	p34.3	39247132	39926290
R1d1xx1	1	39926337	121286065	1248	81359728	0.00354	0.03029	0.483	2	2	0	1	1	1	0	-0.0499049058263139	0	NA	p34.3-p11.2	39926337	121286065
R1d1xx1	1	143205289	149383449	50	6178160	0.01768	0.0023	0.54423	2	2	1	0.3	0.08425	0.51873	0	0.122288390657053	0	NA	q21.1-q21.2	143205289	149383449
R1d1xx1	1	149585303	158731631	431	9146328	0.00602	0.00341	0.43365	2	2	1	0.37	0.21191	0.51743	0	-0.205396985351244	0	NA	q21.2-q23.1	149585303	158731631
R1d1xx1	1	158806386	228404958	1932	69598572	0.00284	0.02591	0.4991	2	2	0	1	1	1	0	-0.00259919104795724	0	NA	q23.1-q42.13	158806386	228404958
R1d1xx1	1	228407162	228461110	36	53948	0.02083	2e-05	0.85678	4	4	1	0.2	0.02942	0.43771	0	0.776996708452923	2	NA	q42.13	228407162	228461110
R1d1xx1	1	228461502	228475786	95	14284	0.01282	1e-05	0.52833	2	2	0	1	1	1	0	0.0795112374378985	0	NA	q42.13	228461502	228475786
R1d1xx1	1	228475839	228492956	42	17117	0.01929	1e-05	0.78966	4	4	1	0.79	0.55245	0.97048	0	0.659303518024731	2	NA	q42.13	228475839	228492956
R1d1xx1	1	228494098	248832532	680	20338434	0.00479	0.00757	0.47629	2	2	0	1	1	1	0	-0.0700878361326436	0	NA	q42.13-q44	228494098	248832532
R1d1xx1	2	86985	92106651	1330	92019666	0.00343	0.03426	0.49569	2	2	0	1	1	1	0	-0.0124899405696044	0	NA	p25.3-p11.1	249337606	341357272
R1d1xx1	2	95400201	243025566	2707	147625365	0.0024	0.05496	0.49161	2	2	0	1	1	1	0	-0.0244138325460387	0	NA	q11.1-q37.3	344650822	492276187
R1d1xx1	3	135374	47059239	672	46923865	0.00482	0.01747	0.32726	1	1	0	1	1	1	0	-0.611490817980448	-1	Loss_3p25.3	p26.3-p21.31	492585368	539509233
R1d1xx1	3	47061239	62357380	525	15296141	0.00546	0.00569	0.29691	1	1	1	0.2	0.05373	0.3442	0	-0.751902410429569	-1	NA	p21.31-p14.2	539511233	554807374
R1d1xx1	3	62432133	90429560	367	27997427	0.00652	0.01042	0.32753	1	1	0	1	1	1	0	-0.610301039018897	-1	NA	p14.2-p11.1	554882127	582879554
R1d1xx1	3	93580592	197887091	1765	104306499	0.00298	0.03883	0.50362	2	2	0	1	1	1	0	0.010407482307534	0	NA	q11.1-q29	586030586	690337085
R1d1xx1	4	88952	49263653	633	49174701	0.00497	0.01831	0.47923	2	2	0	1	1	1	0	-0.0612098706160506	0	NA	p16.3-p11	690561376	739736077
R1d1xx1	4	52735917	177529507	2008	124793590	0.00279	0.04646	0.48893	2	2	0	1	1	1	0	-0.0323001652554133	0	NA	q12-q34.3	743208341	868001931
R1d1xx1	4	177605061	190969597	520	13364536	0.00548	0.00498	0.51598	2	2	0	1	1	1	0	0.0453870512650113	0	NA	q34.3-q35.2	868077485	881442021
R1d1xx1	5	85674	46330831	898	46245157	0.00417	0.01722	0.50421	2	2	0	1	1	1	0	0.0120966365723651	0	NA	p15.33-p11	881712374	927957531
R1d1xx1	5	49630948	66240848	238	16609900	0.0081	0.00618	0.50135	2	2	0	1	1	1	0	0.00389002743337184	0	NA	q11.1-q12.3	931257648	947867548
R1d1xx1	5	66255058	70893984	232	4638926	0.00821	0.00173	0.42741	2	2	1	0.41	0.23671	0.56821	0	-0.226307432136162	0	NA	q12.3-q13.2	947881758	952520684
R1d1xx1	5	70969078	102278738	413	31309660	0.00615	0.01166	0.33653	1	1	0	1	1	1	0	-0.571192975127456	-1	NA	q13.2-q21.1	952595778	983905438
R1d1xx1	5	102353859	108288446	77	5934587	0.01425	0.00221	0.42417	2	2	1	0.43	0.22071	0.62389	0	-0.237285506979147	0	NA	q21.1-q21.3	983980559	989915146
R1d1xx1	5	108363567	134974580	558	26611013	0.00529	0.00991	0.50751	2	2	0	1	1	1	0	0.0215081546188719	0	NA	q21.3-q31.1	989990267	1016601280
R1d1xx1	5	135049325	180732369	986	45683044	0.00398	0.01701	0.66136	3	3	0	1	1	1	0	0.40350769701795	1	Gain_5q35.3	q31.1-q35.3	1016676025	1062359069
R1d1xx1	6	135324	28418741	370	28283417	0.0065	0.01053	0.49679	2	2	0	1	1	1	0	-0.00929196137649133	0	NA	p25.3-p22.1	1062677284	1090960701
R1d1xx1	6	28493565	33472584	133	4979019	0.01084	0.00185	0.34806	1	1	0	1	1	1	0	-0.522592069729752	-1	NA	p22.1-p21.32	1091035525	1096014544
R1d1xx1	6	33547605	58539101	444	24991496	0.00593	0.0093	0.49531	2	2	0	1	1	1	0	-0.0135963465078632	0	NA	p21.31-p11.2	1096089565	1121081061
R1d1xx1	6	61942522	87730607	332	25788085	0.00686	0.0096	0.5217	2	2	0	1	1	1	0	0.0612923384782941	0	NA	q11.1-q14.3	1124484482	1150272567
R1d1xx1	6	87805538	90529336	427	2723798	0.00605	0.00101	0.43413	2	2	1	0.37	0.20891	0.51474	0	-0.203800973250823	0	NA	q14.3-q15	1150347498	1153071296
R1d1xx1	6	90605632	170982159	1758	80376527	0.00298	0.02992	0.47771	2	2	0	1	1	1	0	-0.0657930175351512	0	NA	q15-q27	1153147592	1233524119
R1d1xx1	7	121242	4841604	69	4720362	0.01505	0.00176	0.65004	3	3	0	1	1	1	0	0.378600401755397	1	NA	p22.3-p22.1	1233778269	1238498631
R1d1xx1	7	4843220	6568104	78	1724884	0.01415	0.00064	0.49724	2	2	0	1	1	1	0	-0.00798573759501619	0	NA	p22.1	1238500247	1240225131
R1d1xx1	7	6643097	57978903	1027	51335806	0.0039	0.01911	0.66305	3	3	0	1	1	1	0	0.40718957187911	1	NA	p22.1-p11.2	1240300124	1291635930
R1d1xx1	7	61118627	91622376	712	30503749	0.00468	0.01136	0.61822	3	3	1	0.75	0.60079	0.88975	0	0.306192232608818	1	NA	q11.1-q21.2	1294775654	1325279403
R1d1xx1	7	91623918	91631926	42	8008	0.01929	0	0.53958	2	2	0	0.27	0.0601	0.50044	0	0.109908779648709	0	NA	q21.2	1325280945	1325288953
R1d1xx1	7	91631975	98609943	522	6977968	0.00547	0.0026	0.6518	3	3	0	1	1	1	0	0.382501257189115	1	NA	q21.2-q22.1	1325289002	1332266970
R1d1xx1	7	98685305	100676575	66	1991270	0.01539	0.00074	0.77711	4	4	1	0.71	0.50124	0.91287	0	0.636190731830846	2	NA	q22.1	1332342332	1334333602
R1d1xx1	7	100676626	100686960	171	10334	0.00956	0	0.97313	5	5	1	0.9	0.72052	1	0	0.960704451976552	3	NA	q22.1	1334333653	1334343987
R1d1xx1	7	100687009	151851102	1163	51164093	0.00367	0.01905	0.65252	3	3	0	1	1	1	0	0.384094026655116	1	Gain_7q22.3	q22.1-q36.1	1334344036	1385508129
R1d1xx1	7	151851162	151919652	184	68490	0.00922	3e-05	0.54973	2	2	1	0.33	0.15832	0.50151	0	0.136795117743249	0	NA	q36.1	1385508189	1385576679
R1d1xx1	7	151919712	159053835	160	7134123	0.00988	0.00266	0.66499	3	3	0	1	1	1	0	0.411404550901076	1	NA	q36.1-q36.3	1385576739	1392710862
R1d1xx1	8	83607	43613060	597	43529453	0.00512	0.01621	0.50045	2	2	0	1	1	1	0	0.00129784159564679	0	NA	p23.3-p11.1	1392879297	1436408750
R1d1xx1	8	47064138	144992082	2148	97927944	0.0027	0.03646	0.50376	2	2	0	1	1	1	0	0.0108084775764987	0	NA	q11.1-q24.3	1439859828	1537787772
R1d1xx1	8	144992132	146230986	318	1238854	0.00701	0.00046	0.44702	2	2	1	0.29	0.12528	0.44215	0	-0.161588714809114	0	NA	q24.3	1537787822	1539026676
R1d1xx1	9	86126	38690166	743	38604040	0.00459	0.01437	0.4982	2	2	0	1	1	1	0	-0.00520307330861291	0	NA	p24.3-p13.1	1539245838	1577849878
R1d1xx1	9	38765013	47238907	79	8473894	0.01406	0.00315	0.3898	1	1	1	0.64	0.43033	0.83097	0	-0.35919400429156	-1	NA	p13.1-p11.2	1577924725	1586398619
R1d1xx1	9	65543125	141078492	1352	75535367	0.0034	0.02812	0.48196	2	2	0	1	1	1	0	-0.0530146791298072	0	NA	q12-q34.3	1604702837	1680238204
R1d1xx1	10	135526	38940611	749	38805085	0.00457	0.01445	0.48468	2	2	0	1	1	1	0	-0.044895543012569	0	NA	p15.3-p11.1	1680508669	1719313754
R1d1xx1	10	42965386	135299720	1359	92334334	0.00339	0.03438	0.4891	2	2	0	1	1	1	0	-0.0317986302116598	0	NA	q11.21-q26.3	1723338529	1815672863
R1d1xx1	11	139197	1263613	137	1124416	0.01068	0.00042	0.52471	2	2	0	1	1	1	0	0.0695921904486721	0	NA	p15.5	1816047087	1817171503
R1d1xx1	11	1263662	1276383	123	12721	0.01127	0	0.85482	4	4	1	0.19	0.03375	0.36673	0	0.773692567863838	2	NA	p15.5	1817171552	1817184273
R1d1xx1	11	1276606	51342530	1036	50065924	0.00388	0.01864	0.48217	2	2	0	1	1	1	0	-0.0523862037927099	0	NA	p15.5-p11.12	1817184496	1867250420
R1d1xx1	11	54769677	92515242	747	37745565	0.00457	0.01405	0.51288	2	2	0	1	1	1	0	0.0366932189441555	0	NA	q11-q14.3	1870677567	1908423132
R1d1xx1	11	92523139	92577761	134	54622	0.0108	2e-05	0.58342	3	2.99768	1	0.54	0.35306	0.71548	0	0.2226067486786	1	NA	q14.3	1908431029	1908485651
R1d1xx1	11	92590386	134871978	1110	42281592	0.00375	0.01574	0.48243	2	2	0	1	1	1	0	-0.0516084705981936	0	NA	q14.3-q25	1908498276	1950779868
R1d1xx1	12	77870	34780948	594	34703078	0.00513	0.01292	0.46882	2	2	0	1	1	1	0	-0.092893978016811	0	NA	p13.33-p11.1	1950992276	1985695354
R1d1xx1	12	37931992	57532363	353	19600371	0.00665	0.0073	0.45745	2	2	0	0.23	0.06902	0.37689	0	-0.128314031696412	0	NA	q11-q13.3	1988846398	2008446769
R1d1xx1	12	57535165	108847661	1169	51312496	0.00366	0.0191	0.50344	2	2	0	1	1	1	0	0.00989175313523969	0	NA	q13.3-q23.3	2008449571	2059762067
R1d1xx1	12	108922704	133767545	835	24844841	0.00433	0.00925	0.45222	2	2	1	0.26	0.11001	0.39473	0	-0.144903296378729	0	NA	q23.3-q24.33	2059837110	2084681951
R1d1xx1	13	19095546	115017146	1662	95921600	0.00307	0.03571	0.50516	2	2	0	1	1	1	0	0.0148123120799303	0	NA	q11-q34	2103861847	2199783447
R1d1xx1	14	19075426	20424094	13	1348668	0.03467	5e-04	0.64707	3	3	0	1	1	1	0	0.371993696449727	1	NA	q11.1-q11.2	2219011605	2220360273
R1d1xx1	14	20499019	79348625	795	58849606	0.00443	0.02191	0.46284	2	2	0	1	1	1	0	-0.111414543086894	0	NA	q11.2-q31.1	2220435198	2279284804
R1d1xx1	14	79423565	81558991	55	2135426	0.01685	8e-04	0.62063	3	3	1	0.77	0.5422	0.95444	0	0.311805340627603	1	NA	q31.1	2279359744	2281495170
R1d1xx1	14	81635061	107214193	366	25579132	0.00653	0.00952	0.49782	2	2	0	1	1	1	0	-0.00630390289463921	0	NA	q31.1-q32.33	2281571240	2307150372
R1d1xx1	15	20074969	34300415	164	14225446	0.00976	0.0053	0.58293	3	2.9969	1	0.54	0.35627	0.70636	0	0.221394555749162	1	NA	q11.1-q14	2327360688	2341586134
R1d1xx1	15	34376392	73907202	691	39530810	0.00476	0.01472	0.45452	2	2	1	0.24	0.09394	0.38334	0	-0.137584316934455	0	NA	q14-q24.1	2341662111	2381192921
R1d1xx1	15	73983083	73996772	23	13689	0.02606	1e-05	0.68444	3	3	0	1	1	1	0	0.452995981297832	1	NA	q24.1	2381268802	2381282491
R1d1xx1	15	74000686	102445766	463	28445080	0.00581	0.01059	0.48866	2	2	0	1	1	1	0	-0.0330970794442746	0	NA	q24.1-q26.3	2381286405	2409731485
R1d1xx1	16	135727	35205897	703	35070170	0.00471	0.01306	0.4801	2	2	0	1	1	1	0	-0.058593158890855	0	NA	p13.3-p11.1	2409952838	2445023008
R1d1xx1	16	46611634	88499379	791	41887745	0.00444	0.01559	0.48555	2	2	0	1	1	1	0	-0.0423082286191202	0	NA	q11.2-q24.2	2456428745	2498316490
R1d1xx1	16	88499428	90219754	109	1720326	0.01197	0.00064	0.42902	2	2	1	0.4	0.20462	0.58079	0	-0.220883190220225	0	NA	q24.2-q24.3	2498316539	2500036865
R1d1xx1	17	74406	22039232	636	21964826	0.00496	0.00818	0.46371	2	2	0	1	1	1	0	-0.108705255828908	0	NA	p13.3-p11.2	2500246270	2522211096
R1d1xx1	17	25487597	81122952	1326	55635355	0.00343	0.02071	0.4472	2	2	1	0.29	0.14497	0.41958	0	-0.161007906706259	0	NA	q11.1-q25.3	2525659461	2581294816
R1d1xx1	18	235617	15334305	405	15098688	0.00621	0.00562	0.48569	2	2	0	1	1	1	0	-0.0418923122501004	0	NA	p11.32-p11.21	2581602691	2596701379
R1d1xx1	18	18740493	77941934	765	59201441	0.00452	0.02204	0.49435	2	2	0	1	1	1	0	-0.0163952626480704	0	NA	q11.1-q23	2600107567	2659309008
R1d1xx1	19	136338	8987340	184	8851002	0.00922	0.0033	0.45113	2	2	1	0.26	0.0902	0.43024	0	-0.148384866883492	0	NA	p13.3-p13.2	2659580660	2668431662
R1d1xx1	19	8993064	9028403	169	35339	0.00962	1e-05	0.59535	3	3	1	0.61	0.43251	0.78063	0	0.25180996817154	1	NA	p13.2	2668437386	2668472725
R1d1xx1	19	9033214	10610681	791	1577467	0.00444	0.00059	0.50121	2	2	0	1	1	1	0	0.00348710430251246	0	NA	p13.2	2668477536	2670055003
R1d1xx1	19	10613940	24556146	449	13942206	0.0059	0.00519	0.43407	2	2	1	0.37	0.21025	0.5142	0	-0.204000378232604	0	NA	p13.2-p11	2670058262	2684000468
R1d1xx1	19	27956429	58893367	513	30936938	0.00552	0.01152	0.46771	2	2	0	1	1	1	0	-0.0963138198697042	0	NA	q11-q13.43	2687400751	2718337689
R1d1xx1	20	135987	26244187	342	26108200	0.00676	0.00972	0.50509	2	2	0	1	1	1	0	0.0146123840363295	0	NA	p13-p11.1	2718709292	2744817492
R1d1xx1	20	29478403	62935280	524	33456877	0.00546	0.01246	0.48207	2	2	0	1	1	1	0	-0.0526854436180773	0	NA	q11.21-q13.33	2748051708	2781508585
R1d1xx1	21	14413813	47895293	467	33481480	0.00578	0.01247	0.49641	2	2	0	1	1	1	0	-0.0103959165562904	0	NA	q11.2-q22.3	2796012638	2829494118
R1d1xx1	22	16131356	51175001	449	35043645	0.0059	0.01305	0.48153	2	2	0	1	1	1	0	-0.0543024120772579	0	NA	q11.1-q13.33	2845860076	2880903721
R5d1xx1	1	93709	39171571	912	39077862	0.00414	0.01455	0.47385	2	2	0	1	1	1	0	-0.0774976570814202	0	NA	p36.33-p34.3	93709	39171571
R5d1xx1	1	39247132	39926290	544	679158	0.00536	0.00025	0.43555	2	2	1	0.43	0.2509	0.6071	0	-0.199089748941648	0	NA	p34.3	39247132	39926290
R5d1xx1	1	39926337	121286065	1248	81359728	0.00354	0.03029	0.49042	2	2	0	1	1	1	0	-0.0279102795771446	0	NA	p34.3-p11.2	39926337	121286065
R5d1xx1	1	143205289	149383449	50	6178160	0.01768	0.0023	0.57455	3	2.99733	1	0.58	0.30513	0.83512	0	0.200504353446521	1	NA	q21.1-q21.2	143205289	149383449
R5d1xx1	1	149585303	158731631	431	9146328	0.00602	0.00341	0.43937	2	2	1	0.41	0.2184	0.58408	0	-0.186491728377862	0	NA	q21.2-q23.1	149585303	158731631
R5d1xx1	1	158806386	228404958	1932	69598572	0.00284	0.02591	0.49349	2	2	0	1	1	1	0	-0.0189072444439479	0	NA	q23.1-q42.13	158806386	228404958
R5d1xx1	1	228407162	228461110	36	53948	0.02083	2e-05	0.85952	5	5	1	0.65	0.35274	0.91353	0	0.781603114990631	3	NA	q42.13	228407162	228461110
R5d1xx1	1	228461502	228475786	95	14284	0.01282	1e-05	0.5131	2	2	0	1	1	1	0	0.0373119306419666	0	NA	q42.13	228461502	228475786
R5d1xx1	1	228475839	228492956	42	17117	0.01929	1e-05	0.81146	4	4	1	0.3	0.0559	0.57093	0	0.698591885623491	2	NA	q42.13	228475839	228492956
R5d1xx1	1	228494098	248832532	680	20338434	0.00479	0.00757	0.47678	2	2	0	1	1	1	0	-0.0686043760881101	0	NA	q42.13-q44	228494098	248832532
R5d1xx1	2	86985	92106651	1330	92019666	0.00343	0.03426	0.49486	2	2	0	1	1	1	0	-0.0149076623689703	0	NA	p25.3-p11.1	249337606	341357272
R5d1xx1	2	95400201	243025566	2707	147625365	0.0024	0.05496	0.4951	2	2	0	1	1	1	0	-0.0142081455872887	0	NA	q11.1-q37.3	344650822	492276187
R5d1xx1	3	135374	47059239	672	46923865	0.00482	0.01747	0.34666	1	1	0	1	1	1	0	-0.528406716756964	-1	Loss_3p25.3	p26.3-p21.31	492585368	539509233
R5d1xx1	3	47061239	62357380	525	15296141	0.00546	0.00569	0.33011	1	1	0	0.2	0.04103	0.37475	0	-0.598981252201226	-1	NA	p21.31-p14.2	539511233	554807374
R5d1xx1	3	62432133	90429560	367	27997427	0.00652	0.01042	0.35619	1	1	0	1	1	1	0	-0.489281081403823	-1	NA	p14.2-p11.1	554882127	582879554
R5d1xx1	3	93580592	197887091	1765	104306499	0.00298	0.03883	0.50638	2	2	0	1	1	1	0	0.0182923302765667	0	NA	q11.1-q29	586030586	690337085
R5d1xx1	4	88952	49263653	633	49174701	0.00497	0.01831	0.50414	2	2	0	1	1	1	0	0.011896331811073	0	NA	p16.3-p11	690561376	739736077
R5d1xx1	4	52735917	177529507	2008	124793590	0.00279	0.04646	0.49696	2	2	0	1	1	1	0	-0.00879836004951051	0	NA	q12-q34.3	743208341	868001931
R5d1xx1	4	177605061	190969597	520	13364536	0.00548	0.00498	0.52366	2	2	0	1	1	1	0	0.0667023132117264	0	NA	q34.3-q35.2	868077485	881442021
R5d1xx1	5	85674	46330831	898	46245157	0.00417	0.01722	0.49308	2	2	0	1	1	1	0	-0.0201063585479992	0	NA	p15.33-p11	881712374	927957531
R5d1xx1	5	49630948	66240848	238	16609900	0.0081	0.00618	0.4983	2	2	0	1	1	1	0	-0.00491352086591699	0	NA	q11.1-q12.3	931257648	947867548
R5d1xx1	5	66255058	70893984	232	4638926	0.00821	0.00173	0.42964	2	1.99856	1	0.48	0.27341	0.67008	0	-0.218799778670137	0	NA	q12.3-q13.2	947881758	952520684
R5d1xx1	5	70969078	102278738	413	31309660	0.00615	0.01166	0.35319	1	1	0	1	1	1	0	-0.501483598884689	-1	NA	q13.2-q21.1	952595778	983905438
R5d1xx1	5	102353859	108288446	77	5934587	0.01425	0.00221	0.42182	1	1.15947	1	0.53	0.2873	0.76978	0	-0.245300594784745	-1	NA	q21.1-q21.3	983980559	989915146
R5d1xx1	5	108363567	134974580	558	26611013	0.00529	0.00991	0.53437	2	2	1	0.28	0.10353	0.4568	0	0.095910921034415	0	NA	q21.3-q31.1	989990267	1016601280
R5d1xx1	5	135049325	180732369	986	45683044	0.00398	0.01701	0.64622	3	3	0	1	1	1	0	0.37009730668204	1	Gain_5q35.3	q31.1-q35.3	1016676025	1062359069
R5d1xx1	6	135324	28418741	370	28283417	0.0065	0.01053	0.48846	2	2	0	1	1	1	0	-0.0336876701848331	0	NA	p25.3-p22.1	1062677284	1090960701
R5d1xx1	6	28493565	33472584	133	4979019	0.01084	0.00185	0.35201	1	1	0	1	1	1	0	-0.506311680952391	-1	NA	p22.1-p21.32	1091035525	1096014544
R5d1xx1	6	33547605	58539101	444	24991496	0.00593	0.0093	0.4835	2	2	0	1	1	1	0	-0.0484122051852459	0	NA	p21.31-p11.2	1096089565	1121081061
R5d1xx1	6	61942522	87730607	332	25788085	0.00686	0.0096	0.50892	2	2	0	1	1	1	0	0.0255107938807792	0	NA	q11.1-q14.3	1124484482	1150272567
R5d1xx1	6	87805538	90529336	427	2723798	0.00605	0.00101	0.43976	2	2	1	0.4	0.2152	0.58126	0	-0.18521171039905	0	NA	q14.3-q15	1150347498	1153071296
R5d1xx1	6	90605632	170982159	1758	80376527	0.00298	0.02992	0.48217	2	2	0	1	1	1	0	-0.0523862037927099	0	NA	q15-q27	1153147592	1233524119
R5d1xx1	7	121242	4841604	69	4720362	0.01505	0.00176	0.60328	3	3	0	1	1	1	0	0.270899659896922	1	NA	p22.3-p22.1	1233778269	1238498631
R5d1xx1	7	4843220	6568104	78	1724884	0.01415	0.00064	0.46169	2	2	0	1	1	1	0	-0.115003610294427	0	NA	p22.1	1238500247	1240225131
R5d1xx1	7	6643097	57978903	1027	51335806	0.0039	0.01911	0.64537	3	3	0	1	1	1	0	0.368198420871851	1	NA	p22.1-p11.2	1240300124	1291635930
R5d1xx1	7	61118627	91622376	712	30503749	0.00468	0.01136	0.60596	3	3	0	0.8	0.62539	0.95807	0	0.277294468272469	1	NA	q11.1-q21.2	1294775654	1325279403
R5d1xx1	7	91623918	91631926	42	8008	0.01929	0	0.47296	2	2	0	1	1	1	0	-0.0802099202906608	0	NA	q21.2	1325280945	1325288953
R5d1xx1	7	91631975	98609943	522	6977968	0.00547	0.0026	0.62612	3	3	0	1	1	1	0	0.324511090726968	1	NA	q21.2-q22.1	1325289002	1332266970
R5d1xx1	7	98685305	100676575	66	1991270	0.01539	0.00074	0.77491	4	4	0	0.03	0.01442	0.30716	0	0.632100666991759	2	NA	q22.1	1332342332	1334333602
R5d1xx1	7	100676626	100686960	171	10334	0.00956	0	1.00716	6	6	1	0.72	0.50597	0.91637	0	1.01029289175617	4	NA	q22.1	1334333653	1334343987
R5d1xx1	7	100687009	151851102	1163	51164093	0.00367	0.01905	0.64225	3	3	0	1	1	1	0	0.36120689023873	1	Gain_7q22.3	q22.1-q36.1	1334344036	1385508129
R5d1xx1	7	151851162	151919652	184	68490	0.00922	3e-05	0.54529	2	2	1	0.36	0.15358	0.56408	0	0.125095603422025	0	NA	q36.1	1385508189	1385576679
R5d1xx1	7	151919712	159053835	160	7134123	0.00988	0.00266	0.64376	3	3	0	1	1	1	0	0.364594842918545	1	NA	q36.1-q36.3	1385576739	1392710862
R5d1xx1	8	83607	43613060	597	43529453	0.00512	0.01621	0.50094	2	2	0	1	1	1	0	0.00270972033710816	0	NA	p23.3-p11.1	1392879297	1436408750
R5d1xx1	8	47064138	144992082	2148	97927944	0.0027	0.03646	0.49799	2	2	0	1	1	1	0	-0.00581132266480881	0	NA	q11.1-q24.3	1439859828	1537787772
R5d1xx1	8	144992132	146230986	318	1238854	0.00701	0.00046	0.44776	2	2	1	0.35	0.15092	0.52991	0	-0.159202442041159	0	NA	q24.3	1537787822	1539026676
R5d1xx1	9	86126	38690166	743	38604040	0.00459	0.01437	0.49503	2	2	0	1	1	1	0	-0.0144121362815014	0	NA	p24.3-p13.1	1539245838	1577849878
R5d1xx1	9	38765013	47238907	79	8473894	0.01406	0.00315	0.38363	1	1	0	1	1	1	0	-0.382212550863712	-1	NA	p13.1-p11.2	1577924725	1586398619
R5d1xx1	9	65543125	141078492	1352	75535367	0.0034	0.02812	0.48954	2	2	0	1	1	1	0	-0.0305013485539231	0	NA	q12-q34.3	1604702837	1680238204
R5d1xx1	10	135526	38940611	749	38805085	0.00457	0.01445	0.47503	2	2	0	1	1	1	0	-0.0739094667395232	0	NA	p15.3-p11.1	1680508669	1719313754
R5d1xx1	10	42965386	135299720	1359	92334334	0.00339	0.03438	0.48978	2	2	0	1	1	1	0	-0.0297942317448208	0	NA	q11.21-q26.3	1723338529	1815672863
R5d1xx1	11	139197	1263613	137	1124416	0.01068	0.00042	0.50208	2	2	0	1	1	1	0	0.00598916253128573	0	NA	p15.5	1816047087	1817171503
R5d1xx1	11	1263662	1276383	123	12721	0.01127	0	0.89869	5	5	0	0.93	0.69206	1	0	0.84589545401146	3	NA	p15.5	1817171552	1817184273
R5d1xx1	11	1276606	51342530	1036	50065924	0.00388	0.01864	0.48227	2	2	0	1	1	1	0	-0.0520870260219706	0	NA	p15.5-p11.12	1817184496	1867250420
R5d1xx1	11	54769677	92515242	747	37745565	0.00457	0.01405	0.51199	2	2	0	1	1	1	0	0.0341875374252196	0	NA	q11-q14.3	1870677567	1908423132
R5d1xx1	11	92523139	92577761	134	54622	0.0108	2e-05	0.56983	3	2.98143	1	0.54	0.32002	0.75356	0	0.188603482744737	1	NA	q14.3	1908431029	1908485651
R5d1xx1	11	92590386	134871978	1110	42281592	0.00375	0.01574	0.47398	2	2	0	1	1	1	0	-0.0771019102565853	0	NA	q14.3-q25	1908498276	1950779868
R5d1xx1	12	77870	34780948	594	34703078	0.00513	0.01292	0.48404	2	2	0	1	1	1	0	-0.0468018213190068	0	NA	p13.33-p11.1	1950992276	1985695354
R5d1xx1	12	37931992	57532363	353	19600371	0.00665	0.0073	0.46807	2	2	0	1	1	1	0	-0.095203793495253	0	NA	q11-q13.3	1988846398	2008446769
R5d1xx1	12	57535165	108847661	1169	51312496	0.00366	0.0191	0.50439	2	2	0	1	1	1	0	0.0126115782937947	0	NA	q13.3-q23.3	2008449571	2059762067
R5d1xx1	12	108922704	133767545	835	24844841	0.00433	0.00925	0.46038	2	2	0	0.25	0.08198	0.41927	0	-0.119102934152991	0	NA	q23.3-q24.33	2059837110	2084681951
R5d1xx1	13	19095546	115017146	1662	95921600	0.00307	0.03571	0.49445	2	2	0	1	1	1	0	-0.0161034553977048	0	NA	q11-q34	2103861847	2199783447
R5d1xx1	14	19075426	20424094	13	1348668	0.03467	5e-04	0.64972	3	3	0	1	1	1	0	0.377890020727496	1	NA	q11.1-q11.2	2219011605	2220360273
R5d1xx1	14	20499019	79348625	795	58849606	0.00443	0.02191	0.45041	2	2	1	0.33	0.14988	0.49252	0	-0.150689236407377	0	NA	q11.2-q31.1	2220435198	2279284804
R5d1xx1	14	79423565	81558991	55	2135426	0.01685	8e-04	0.62408	3	3	0	1	1	1	0	0.319802883247384	1	NA	q31.1	2279359744	2281495170
R5d1xx1	14	81635061	107214193	366	25579132	0.00653	0.00952	0.48832	2	2	0	1	1	1	0	-0.0341012276022813	0	NA	q31.1-q32.33	2281571240	2307150372
R5d1xx1	15	20074969	34300415	164	14225446	0.00976	0.0053	0.56433	2	2.11407	1	0.5	0.28726	0.70623	0	0.174610950957161	0	NA	q11.1-q14	2327360688	2341586134
R5d1xx1	15	34376392	73907202	691	39530810	0.00476	0.01472	0.46794	2	2	0	1	1	1	0	-0.0956045378388421	0	NA	q14-q24.1	2341662111	2381192921
R5d1xx1	15	73983083	73996772	23	13689	0.02606	1e-05	0.68482	3	3.00001	1	0.38	0.07999	0.6985	0	0.453796741021496	1	NA	q24.1	2381268802	2381282491
R5d1xx1	15	74000686	102445766	463	28445080	0.00581	0.01059	0.49844	2	2	0	1	1	1	0	-0.00450824505266048	0	NA	q24.1-q26.3	2381286405	2409731485
R5d1xx1	16	135727	35205897	703	35070170	0.00471	0.01306	0.48501	2	2	0	1	1	1	0	-0.0439136016047527	0	NA	p13.3-p11.1	2409952838	2445023008
R5d1xx1	16	46611634	88499379	791	41887745	0.00444	0.01559	0.48623	2	2	0	1	1	1	0	-0.0402891856507034	0	NA	q11.2-q24.2	2456428745	2498316490
R5d1xx1	16	88499428	90219754	109	1720326	0.01197	0.00064	0.41749	1	1.00128	1	0.57	0.33489	0.78529	0	-0.26018645328436	-1	NA	q24.2-q24.3	2498316539	2500036865
R5d1xx1	17	74406	22039232	636	21964826	0.00496	0.00818	0.4682	2	2	0	1	1	1	0	-0.0948031604374366	0	NA	p13.3-p11.2	2500246270	2522211096
R5d1xx1	17	25487597	81122952	1326	55635355	0.00343	0.02071	0.45492	2	2	1	0.29	0.12426	0.45259	0	-0.136315232545011	0	NA	q11.1-q25.3	2525659461	2581294816
R5d1xx1	18	235617	15334305	405	15098688	0.00621	0.00562	0.489	2	2	0	1	1	1	0	-0.0320936297098533	0	NA	p11.32-p11.21	2581602691	2596701379
R5d1xx1	18	18740493	77941934	765	59201441	0.00452	0.02204	0.50042	2	2	0	1	1	1	0	0.00121135513638716	0	NA	q11.1-q23	2600107567	2659309008
R5d1xx1	19	136338	8987340	184	8851002	0.00922	0.0033	0.44801	2	2	1	0.34	0.13424	0.54405	0	-0.158397159949581	0	NA	p13.3-p13.2	2659580660	2668431662
R5d1xx1	19	8993064	9028403	169	35339	0.00962	1e-05	0.58719	3	3	1	0.67	0.45433	0.8698	0	0.23189930402732	1	NA	p13.2	2668437386	2668472725
R5d1xx1	19	9033214	10610681	791	1577467	0.00444	0.00059	0.52286	2	2	0	1	1	1	0	0.0644966100096323	0	NA	p13.2	2668477536	2670055003
R5d1xx1	19	10613940	24556146	449	13942206	0.0059	0.00519	0.44888	2	2	1	0.34	0.15061	0.51411	0	-0.155598276966731	0	NA	p13.2-p11	2670058262	2684000468
R5d1xx1	19	27956429	58893367	513	30936938	0.00552	0.01152	0.48083	2	2	0	1	1	1	0	-0.0564011832371686	0	NA	q11-q13.43	2687400751	2718337689
R5d1xx1	20	135987	26244187	342	26108200	0.00676	0.00972	0.51857	2	2	0	1	1	1	0	0.0526106517914436	0	NA	p13-p11.1	2718709292	2744817492
R5d1xx1	20	29478403	62935280	524	33456877	0.00546	0.01246	0.48046	2	2	0	1	1	1	0	-0.0575117683706645	0	NA	q11.21-q13.33	2748051708	2781508585
R5d1xx1	21	14413813	47895293	467	33481480	0.00578	0.01247	0.49748	2	2	0	1	1	1	0	-0.0072895681874804	0	NA	q11.2-q22.3	2796012638	2829494118
R5d1xx1	22	16131356	51175001	449	35043645	0.0059	0.01305	0.4832	2	2	0	1	1	1	0	-0.0493076402243704	0	NA	q11.1-q13.33	2845860076	2880903721
R2d1xx1	1	93709	39171571	912	39077862	0.00414	0.01455	0.43494	2	2	1	0.37	0.23306	0.49961	0	-0.201111700070307	0	NA	p36.33-p34.3	93709	39171571
R2d1xx1	1	39247132	39926290	544	679158	0.00536	0.00025	0.37395	1	1	1	0.72	0.57481	0.85532	0	-0.419082711336793	-1	NA	p34.3	39247132	39926290
R2d1xx1	1	39926337	121286065	1248	81359728	0.00354	0.03029	0.48146	2	2	0	1	1	1	0	-0.0545121518524168	0	NA	p34.3-p11.2	39926337	121286065
R2d1xx1	1	143205289	149383449	50	6178160	0.01768	0.0023	0.55969	2	2	1	0.34	0.12941	0.54574	0	0.162699876395798	0	NA	q21.1-q21.2	143205289	149383449
R2d1xx1	1	149585303	158731631	431	9146328	0.00602	0.00341	0.43833	2	2	1	0.35	0.20316	0.49082	0	-0.189910672310244	0	NA	q21.2-q23.1	149585303	158731631
R2d1xx1	1	158806386	228404958	1932	69598572	0.00284	0.02591	0.49624	2	2	0	1	1	1	0	-0.0108900648650576	0	NA	q23.1-q42.13	158806386	228404958
R2d1xx1	1	228407162	228461110	36	53948	0.02083	2e-05	0.89008	4	4	1	0.23	0.04078	0.45317	0	0.832006915816801	2	NA	q42.13	228407162	228461110
R2d1xx1	1	228461502	228475786	95	14284	0.01282	1e-05	0.51961	2	2	0	1	1	1	0	0.0555011011247274	0	NA	q42.13	228461502	228475786
R2d1xx1	1	228475839	228492956	42	17117	0.01929	1e-05	0.7829	4	4	1	0.62	0.39401	0.82977	0	0.646899948621948	2	NA	q42.13	228475839	228492956
R2d1xx1	1	228494098	248832532	680	20338434	0.00479	0.00757	0.4824	2	2	0	1	1	1	0	-0.0516981876493646	0	NA	q42.13-q44	228494098	248832532
R2d1xx1	2	86985	92106651	1330	92019666	0.00343	0.03426	0.49641	2	2	0	1	1	1	0	-0.0103959165562904	0	NA	p25.3-p11.1	249337606	341357272
R2d1xx1	2	95400201	243025566	2707	147625365	0.0024	0.05496	0.50652	2	2	0	1	1	1	0	0.0186911402420333	0	NA	q11.1-q37.3	344650822	492276187
R2d1xx1	3	135374	47059239	672	46923865	0.00482	0.01747	0.32356	1	1	0	1	1	1	0	-0.627894828802237	-1	Loss_3p25.3	p26.3-p21.31	492585368	539509233
R2d1xx1	3	47061239	62357380	525	15296141	0.00546	0.00569	0.27961	1	1	1	0.26	0.11382	0.39505	0	-0.83851213656163	-1	NA	p21.31-p14.2	539511233	554807374
R2d1xx1	3	62432133	90429560	367	27997427	0.00652	0.01042	0.33744	1	1	0	1	1	1	0	-0.56729709464312	-1	NA	p14.2-p11.1	554882127	582879554
R2d1xx1	3	93580592	197887091	1765	104306499	0.00298	0.03883	0.51349	2	2	0	1	1	1	0	0.0384080860555485	0	NA	q11.1-q29	586030586	690337085
R2d1xx1	4	88952	49263653	633	49174701	0.00497	0.01831	0.50024	2	2	0	1	1	1	0	0.000692327474322415	0	NA	p16.3-p11	690561376	739736077
R2d1xx1	4	52735917	177529507	2008	124793590	0.00279	0.04646	0.48636	2	2	0	1	1	1	0	-0.0399035136688148	0	NA	q12-q34.3	743208341	868001931
R2d1xx1	4	177605061	190969597	520	13364536	0.00548	0.00498	0.5554	2	2	1	0.32	0.17123	0.45287	0	0.151599082269397	0	NA	q34.3-q35.2	868077485	881442021
R2d1xx1	5	85674	46330831	898	46245157	0.00417	0.01722	0.51072	2	2	0	1	1	1	0	0.0306044617855339	0	NA	p15.33-p11	881712374	927957531
R2d1xx1	5	49630948	66240848	238	16609900	0.0081	0.00618	0.51356	2	2	0	1	1	1	0	0.038604743770399	0	NA	q11.1-q12.3	931257648	947867548
R2d1xx1	5	66255058	70893984	232	4638926	0.00821	0.00173	0.41833	2	1.99999	1	0.47	0.30524	0.61756	0	-0.257286632168923	0	NA	q12.3-q13.2	947881758	952520684
R2d1xx1	5	70969078	102278738	413	31309660	0.00615	0.01166	0.32694	1	1	0	1	1	1	0	-0.612902198139128	-1	NA	q13.2-q21.1	952595778	983905438
R2d1xx1	5	102353859	108288446	77	5934587	0.01425	0.00221	0.47355	2	2	0	1	1	1	0	-0.0784113335153081	0	NA	q21.1-q21.3	983980559	989915146
R2d1xx1	5	108363567	134974580	558	26611013	0.00529	0.00991	0.56739	2	2	1	0.39	0.24082	0.52004	0	0.182412629081373	0	NA	q21.3-q31.1	989990267	1016601280
R2d1xx1	5	135049325	180732369	986	45683044	0.00398	0.01701	0.68629	3	3	0	1	1	1	0	0.456890238294038	1	Gain_5q35.3	q31.1-q35.3	1016676025	1062359069
R2d1xx1	6	135324	28418741	370	28283417	0.0065	0.01053	0.47123	2	2	0	1	1	1	0	-0.085496706242123	0	NA	p25.3-p22.1	1062677284	1090960701
R2d1xx1	6	28493565	33472584	133	4979019	0.01084	0.00185	0.32459	1	1	0	1	1	1	0	-0.623309541004682	-1	NA	p22.1-p21.32	1091035525	1096014544
R2d1xx1	6	33547605	58539101	444	24991496	0.00593	0.0093	0.49281	2	2	0	1	1	1	0	-0.0208965636840254	0	NA	p21.31-p11.2	1096089565	1121081061
R2d1xx1	6	61942522	87730607	332	25788085	0.00686	0.0096	0.52957	2	2	0	1	1	1	0	0.0828933012813183	0	NA	q11.1-q14.3	1124484482	1150272567
R2d1xx1	6	87805538	90529336	427	2723798	0.00605	0.00101	0.4553	2	2	1	0.26	0.10666	0.39423	0	-0.13511063553025	0	NA	q14.3-q15	1150347498	1153071296
R2d1xx1	6	90605632	170982159	1758	80376527	0.00298	0.02992	0.50108	2	2	0	1	1	1	0	0.0031128606078385	0	NA	q15-q27	1153147592	1233524119
R2d1xx1	7	121242	4841604	69	4720362	0.01505	0.00176	0.63878	3	3	1	0.79	0.59339	0.96095	0	0.353391048242941	1	NA	p22.3-p22.1	1233778269	1238498631
R2d1xx1	7	4843220	6568104	78	1724884	0.01415	0.00064	0.50233	2	2	0	1	1	1	0	0.00670734289123946	0	NA	p22.1	1238500247	1240225131
R2d1xx1	7	6643097	57978903	1027	51335806	0.0039	0.01911	0.69318	3	3	0	1	1	1	0	0.471301934802486	1	NA	p22.1-p11.2	1240300124	1291635930
R2d1xx1	7	61118627	91622376	712	30503749	0.00468	0.01136	0.67887	3	3	0	1	1	1	0	0.441207237592044	1	NA	q11.1-q21.2	1294775654	1325279403
R2d1xx1	7	91623918	91631926	42	8008	0.01929	0	0.42685	2	2	1	0.42	0.19479	0.63077	0	-0.228198915615725	0	NA	q21.2	1325280945	1325288953
R2d1xx1	7	91631975	98609943	522	6977968	0.00547	0.0026	0.62175	3	3	1	0.7	0.55055	0.83193	0	0.31440650755482	1	NA	q21.2-q22.1	1325289002	1332266970
R2d1xx1	7	98685305	100676575	66	1991270	0.01539	0.00074	0.7967	4	4	1	0.7	0.49465	0.88576	0	0.672108480031304	2	NA	q22.1	1332342332	1334333602
R2d1xx1	7	100676626	100686960	171	10334	0.00956	0	1.01917	5	5	1	0.97	0.78511	1	0	1.02739471656849	3	NA	q22.1	1334333653	1334343987
R2d1xx1	7	100687009	151851102	1163	51164093	0.00367	0.01905	0.66374	3	3	0	1	1	1	0	0.408690125347188	1	Gain_7q22.3	q22.1-q36.1	1334344036	1385508129
R2d1xx1	7	151851162	151919652	184	68490	0.00922	3e-05	0.53969	2	2	1	0.23	0.0668	0.38419	0	0.110202860749912	0	NA	q36.1	1385508189	1385576679
R2d1xx1	7	151919712	159053835	160	7134123	0.00988	0.00266	0.68982	3	3	0	1	1	1	0	0.464291862677035	1	NA	q36.1-q36.3	1385576739	1392710862
R2d1xx1	8	83607	43613060	597	43529453	0.00512	0.01621	0.51488	2	2	0	1	1	1	0	0.0423081362866346	0	NA	p23.3-p11.1	1392879297	1436408750
R2d1xx1	8	47064138	144992082	2148	97927944	0.0027	0.03646	0.5254	2	2	0	1	1	1	0	0.0714881055841824	0	NA	q11.1-q24.3	1439859828	1537787772
R2d1xx1	8	144992132	146230986	318	1238854	0.00701	0.00046	0.43125	2	2	1	0.39	0.2382	0.53702	0	-0.213403638109193	0	NA	q24.3	1537787822	1539026676
R2d1xx1	9	86126	38690166	743	38604040	0.00459	0.01437	0.51424	2	2	0	1	1	1	0	0.0405137392382821	0	NA	p24.3-p13.1	1539245838	1577849878
R2d1xx1	9	38765013	47238907	79	8473894	0.01406	0.00315	0.41031	2	1.51858	1	0.51	0.31838	0.69618	0	-0.285213779129734	0	NA	p13.1-p11.2	1577924725	1586398619
R2d1xx1	9	65543125	141078492	1352	75535367	0.0034	0.02812	0.47362	2	2	0	1	1	1	0	-0.0781980905852194	0	NA	q12-q34.3	1604702837	1680238204
R2d1xx1	10	135526	38940611	749	38805085	0.00457	0.01445	0.48344	2	2	0	1	1	1	0	-0.0485912477371404	0	NA	p15.3-p11.1	1680508669	1719313754
R2d1xx1	10	42965386	135299720	1359	92334334	0.00339	0.03438	0.47625	2	2	0	1	1	1	0	-0.0702090022814026	0	NA	q11.21-q26.3	1723338529	1815672863
R2d1xx1	11	139197	1263613	137	1124416	0.01068	0.00042	0.5067	2	2	0	1	1	1	0	0.0192037339730927	0	NA	p15.5	1816047087	1817171503
R2d1xx1	11	1263662	1276383	123	12721	0.01127	0	0.8461	4	4	0	0.98	0.78262	1	0	0.758900089708683	2	NA	p15.5	1817171552	1817184273
R2d1xx1	11	1276606	51342530	1036	50065924	0.00388	0.01864	0.49445	2	2	0	1	1	1	0	-0.0161034553977048	0	NA	p15.5-p11.12	1817184496	1867250420
R2d1xx1	11	54769677	92515242	747	37745565	0.00457	0.01405	0.50973	2	2	0	1	1	1	0	0.0278051702208699	0	NA	q11-q14.3	1870677567	1908423132
R2d1xx1	11	92523139	92577761	134	54622	0.0108	2e-05	0.63945	3	3	1	0.8	0.62147	0.95206	0	0.354903461135643	1	NA	q14.3	1908431029	1908485651
R2d1xx1	11	92590386	134871978	1110	42281592	0.00375	0.01574	0.4726	2	2	0	1	1	1	0	-0.0813084655756025	0	NA	q14.3-q25	1908498276	1950779868
R2d1xx1	12	77870	34780948	594	34703078	0.00513	0.01292	0.47645	2	2	0	1	1	1	0	-0.0696032732745454	0	NA	p13.33-p11.1	1950992276	1985695354
R2d1xx1	12	37931992	57532363	353	19600371	0.00665	0.0073	0.44944	2	2	1	0.29	0.1363	0.4309	0	-0.153799565310413	0	NA	q11-q13.3	1988846398	2008446769
R2d1xx1	12	57535165	108847661	1169	51312496	0.00366	0.0191	0.51224	2	2	0	1	1	1	0	0.0348918201886323	0	NA	q13.3-q23.3	2008449571	2059762067
R2d1xx1	12	108922704	133767545	835	24844841	0.00433	0.00925	0.43546	2	2	1	0.37	0.22931	0.49791	0	-0.199387891452393	0	NA	q23.3-q24.33	2059837110	2084681951
R2d1xx1	13	19095546	115017146	1662	95921600	0.00307	0.03571	0.51663	2	2	0	1	1	1	0	0.0472033263358221	0	NA	q11-q34	2103861847	2199783447
R2d1xx1	14	19075426	20424094	13	1348668	0.03467	5e-04	0.84957	4	4	1	1	0.64733	1	0	0.764804727733772	2	NA	q11.1-q11.2	2219011605	2220360273
R2d1xx1	14	20499019	79348625	795	58849606	0.00443	0.02191	0.46124	2	2	1	0.22	0.08265	0.35106	0	-0.116410461994656	0	NA	q11.2-q31.1	2220435198	2279284804
R2d1xx1	14	79423565	81558991	55	2135426	0.01685	8e-04	0.63622	3	3	1	0.78	0.56878	0.957	0	0.34759762978367	1	NA	q31.1	2279359744	2281495170
R2d1xx1	14	81635061	107214193	366	25579132	0.00653	0.00952	0.49425	2	2	0	1	1	1	0	-0.0166871289328791	0	NA	q31.1-q32.33	2281571240	2307150372
R2d1xx1	15	20074969	34300415	164	14225446	0.00976	0.0053	0.5473	2	2	1	0.27	0.10246	0.43036	0	0.130403761658039	0	NA	q11.1-q14	2327360688	2341586134
R2d1xx1	15	34376392	73907202	691	39530810	0.00476	0.01472	0.43506	2	2	1	0.37	0.22912	0.50257	0	-0.200713715228917	0	NA	q14-q24.1	2341662111	2381192921
R2d1xx1	15	73983083	73996772	23	13689	0.02606	1e-05	0.64662	3	3	0	1	1	1	0	0.370990035921187	1	NA	q24.1	2381268802	2381282491
R2d1xx1	15	74000686	102445766	463	28445080	0.00581	0.01059	0.46118	2	2	1	0.22	0.07639	0.35915	0	-0.116598145918628	0	NA	q24.1-q26.3	2381286405	2409731485
R2d1xx1	16	135727	35205897	703	35070170	0.00471	0.01306	0.45882	2	2	1	0.24	0.09424	0.36666	0	-0.123999814972298	0	NA	p13.3-p11.1	2409952838	2445023008
R2d1xx1	16	46611634	88499379	791	41887745	0.00444	0.01559	0.4786	2	2	0	1	1	1	0	-0.0631076980109504	0	NA	q11.2-q24.2	2456428745	2498316490
R2d1xx1	16	88499428	90219754	109	1720326	0.01197	0.00064	0.4132	2	1.97398	1	0.5	0.31351	0.66793	0	-0.27508784068439	0	NA	q24.2-q24.3	2498316539	2500036865
R2d1xx1	17	74406	22039232	636	21964826	0.00496	0.00818	0.44025	2	2	1	0.34	0.19826	0.47413	0	-0.183605090830879	0	NA	p13.3-p11.2	2500246270	2522211096
R2d1xx1	17	25487597	81122952	1326	55635355	0.00343	0.02071	0.42493	2	2	1	0.43	0.29419	0.55313	0	-0.234702893567583	0	NA	q11.1-q25.3	2525659461	2581294816
R2d1xx1	18	235617	15334305	405	15098688	0.00621	0.00562	0.46768	2	2	0	0.18	0.04588	0.32473	0	-0.0964063606307591	0	NA	p11.32-p11.21	2581602691	2596701379
R2d1xx1	18	18740493	77941934	765	59201441	0.00452	0.02204	0.50596	2	2	0	1	1	1	0	0.0170952384853919	0	NA	q11.1-q23	2600107567	2659309008
R2d1xx1	19	136338	8987340	184	8851002	0.00922	0.0033	0.42094	2	2	1	0.45	0.28464	0.6082	0	-0.248313485993154	0	NA	p13.3-p13.2	2659580660	2668431662
R2d1xx1	19	8993064	9028403	169	35339	0.00962	1e-05	0.53196	2	2	0	1	1	1	0	0.089389673449609	0	NA	p13.2	2668437386	2668472725
R2d1xx1	19	9033214	10610681	791	1577467	0.00444	0.00059	0.47129	2	2	0	1	1	1	0	-0.0853130248293779	0	NA	p13.2	2668477536	2670055003
R2d1xx1	19	10613940	24556146	449	13942206	0.0059	0.00519	0.41812	2	1.99999	1	0.47	0.31959	0.60588	0	-0.258011041195051	0	NA	p13.2-p11	2670058262	2684000468
R2d1xx1	19	27956429	58893367	513	30936938	0.00552	0.01152	0.44344	2	2	1	0.32	0.17682	0.45889	0	-0.173189182149837	0	NA	q11-q13.43	2687400751	2718337689
R2d1xx1	20	135987	26244187	342	26108200	0.00676	0.00972	0.49012	2	2	0	1	1	1	0	-0.0287930758440414	0	NA	p13-p11.1	2718709292	2744817492
R2d1xx1	20	29478403	62935280	524	33456877	0.00546	0.01246	0.45927	2	2	1	0.23	0.08818	0.3682	0	-0.122585546609958	0	NA	q11.21-q13.33	2748051708	2781508585
R2d1xx1	21	14413813	47895293	467	33481480	0.00578	0.01247	0.49521	2	2	0	1	1	1	0	-0.0138876470461239	0	NA	q11.2-q22.3	2796012638	2829494118
R2d1xx1	22	16131356	51175001	449	35043645	0.0059	0.01305	0.46131	2	2	1	0.22	0.07531	0.35895	0	-0.116191528271701	0	NA	q11.1-q13.33	2845860076	2880903721
R4d1xx1	1	93709	39171571	912	39077862	0.00414	0.01455	0.46423	2	2	0	1	1	1	0	-0.107088337709654	0	NA	p36.33-p34.3	93709	39171571
R4d1xx1	1	39247132	39926290	544	679158	0.00536	0.00025	0.42176	2	1.99965	1	0.48	0.31033	0.63257	0	-0.24550581942876	0	NA	p34.3	39247132	39926290
R4d1xx1	1	39926337	121286065	1248	81359728	0.00354	0.03029	0.48354	2	2	0	1	1	1	0	-0.0482928558270631	0	NA	p34.3-p11.2	39926337	121286065
R4d1xx1	1	143205289	149383449	50	6178160	0.01768	0.0023	0.5787	3	2.99372	1	0.56	0.31003	0.79058	0	0.21088754922081	1	NA	q21.1-q21.2	143205289	149383449
R4d1xx1	1	149585303	158731631	431	9146328	0.00602	0.00341	0.4326	2	2	1	0.41	0.23458	0.56566	0	-0.208894429587471	0	NA	q21.2-q23.1	149585303	158731631
R4d1xx1	1	158806386	228404958	1932	69598572	0.00284	0.02591	0.49428	2	2	0	1	1	1	0	-0.0165995628473988	0	NA	q23.1-q42.13	158806386	228404958
R4d1xx1	1	228407162	228461110	36	53948	0.02083	2e-05	0.87758	5	4.79595	1	0.52	0.2545	0.77586	0	0.811602552287649	3	NA	q42.13	228407162	228461110
R4d1xx1	1	228461502	228475786	95	14284	0.01282	1e-05	0.51221	2	2	0	1	1	1	0	0.034807324407991	0	NA	q42.13	228461502	228475786
R4d1xx1	1	228475839	228492956	42	17117	0.01929	1e-05	0.78171	4	4	0	0.89	0.62307	1	0	0.644705398632239	2	NA	q42.13	228475839	228492956
R4d1xx1	1	228494098	248832532	680	20338434	0.00479	0.00757	0.46778	2	2	0	1	1	1	0	-0.096097914508769	0	NA	q42.13-q44	228494098	248832532
R4d1xx1	2	86985	92106651	1330	92019666	0.00343	0.03426	0.49318	2	2	0	1	1	1	0	-0.0198137997813793	0	NA	p25.3-p11.1	249337606	341357272
R4d1xx1	2	95400201	243025566	2707	147625365	0.0024	0.05496	0.50101	2	2	0	1	1	1	0	0.00291130455393813	0	NA	q11.1-q37.3	344650822	492276187
R4d1xx1	3	135374	47059239	672	46923865	0.00482	0.01747	0.34685	1	1	0	1	1	1	0	-0.527616210305357	-1	Loss_3p25.3	p26.3-p21.31	492585368	539509233
R4d1xx1	3	47061239	62357380	525	15296141	0.00546	0.00569	0.31644	1	1	0	0.17	0.03207	0.32676	0	-0.659996117851095	-1	NA	p21.31-p14.2	539511233	554807374
R4d1xx1	3	62432133	90429560	367	27997427	0.00652	0.01042	0.36028	1	1	0	1	1	1	0	-0.472809528334087	-1	NA	p14.2-p11.1	554882127	582879554
R4d1xx1	3	93580592	197887091	1765	104306499	0.00298	0.03883	0.50348	2	2	0	1	1	1	0	0.0100063755514515	0	NA	q11.1-q29	586030586	690337085
R4d1xx1	4	88952	49263653	633	49174701	0.00497	0.01831	0.49772	2	2	0	1	1	1	0	-0.00659373455298362	0	NA	p16.3-p11	690561376	739736077
R4d1xx1	4	52735917	177529507	2008	124793590	0.00279	0.04646	0.49206	2	2	0	1	1	1	0	-0.0230938516303069	0	NA	q12-q34.3	743208341	868001931
R4d1xx1	4	177605061	190969597	520	13364536	0.00548	0.00498	0.53108	2	2	0	0.24	0.07934	0.39928	0	0.087001104955507	0	NA	q34.3-q35.2	868077485	881442021
R4d1xx1	5	85674	46330831	898	46245157	0.00417	0.01722	0.50913	2	2	0	1	1	1	0	0.0261059826492751	0	NA	p15.33-p11	881712374	927957531
R4d1xx1	5	49630948	66240848	238	16609900	0.0081	0.00618	0.52047	2	2	0	1	1	1	0	0.0578869137889892	0	NA	q11.1-q12.3	931257648	947867548
R4d1xx1	5	66255058	70893984	232	4638926	0.00821	0.00173	0.4314	2	2	1	0.41	0.22853	0.58754	0	-0.212901918388995	0	NA	q12.3-q13.2	947881758	952520684
R4d1xx1	5	70969078	102278738	413	31309660	0.00615	0.01166	0.33674	1	1	0	1	1	1	0	-0.570292991559462	-1	NA	q13.2-q21.1	952595778	983905438
R4d1xx1	5	102353859	108288446	77	5934587	0.01425	0.00221	0.44445	2	2	1	0.33	0.10833	0.54062	0	-0.169906967867011	0	NA	q21.1-q21.3	983980559	989915146
R4d1xx1	5	108363567	134974580	558	26611013	0.00529	0.00991	0.52272	2	2	0	1	1	1	0	0.0641102650012512	0	NA	q21.3-q31.1	989990267	1016601280
R4d1xx1	5	135049325	180732369	986	45683044	0.00398	0.01701	0.64891	3	3	0	1	1	1	0	0.37609030389566	1	Gain_5q35.3	q31.1-q35.3	1016676025	1062359069
R4d1xx1	6	135324	28418741	370	28283417	0.0065	0.01053	0.46983	2	2	0	1	1	1	0	-0.0897892583584664	0	NA	p25.3-p22.1	1062677284	1090960701
R4d1xx1	6	28493565	33472584	133	4979019	0.01084	0.00185	0.34248	1	1	0	1	1	1	0	-0.545908354239892	-1	NA	p22.1-p21.32	1091035525	1096014544
R4d1xx1	6	33547605	58539101	444	24991496	0.00593	0.0093	0.49161	2	2	0	1	1	1	0	-0.0244138325460387	0	NA	p21.31-p11.2	1096089565	1121081061
R4d1xx1	6	61942522	87730607	332	25788085	0.00686	0.0096	0.51065	2	2	0	1	1	1	0	0.0304067104260458	0	NA	q11.1-q14.3	1124484482	1150272567
R4d1xx1	6	87805538	90529336	427	2723798	0.00605	0.00101	0.44618	2	2	1	0.32	0.14536	0.47654	0	-0.164302248601354	0	NA	q14.3-q15	1150347498	1153071296
R4d1xx1	6	90605632	170982159	1758	80376527	0.00298	0.02992	0.49305	2	2	0	1	1	1	0	-0.0201941377479831	0	NA	q15-q27	1153147592	1233524119
R4d1xx1	7	121242	4841604	69	4720362	0.01505	0.00176	0.62607	3	3	0	1	1	1	0	0.324395876978123	1	NA	p22.3-p22.1	1233778269	1238498631
R4d1xx1	7	4843220	6568104	78	1724884	0.01415	0.00064	0.44304	2	2	1	0.34	0.11705	0.54931	0	-0.174491136069881	0	NA	p22.1	1238500247	1240225131
R4d1xx1	7	6643097	57978903	1027	51335806	0.0039	0.01911	0.65094	3	3	0	1	1	1	0	0.380596475090773	1	NA	p22.1-p11.2	1240300124	1291635930
R4d1xx1	7	61118627	91622376	712	30503749	0.00468	0.01136	0.63064	3	3	0	1	1	1	0	0.334888584761957	1	NA	q11.1-q21.2	1294775654	1325279403
R4d1xx1	7	91623918	91631926	42	8008	0.01929	0	0.51491	2	2	0	1	1	1	0	0.0423921939124396	0	NA	q21.2	1325280945	1325288953
R4d1xx1	7	91631975	98609943	522	6977968	0.00547	0.0026	0.63715	3	3	0	1	1	1	0	0.349704961708538	1	NA	q21.2-q22.1	1325289002	1332266970
R4d1xx1	7	98685305	100676575	66	1991270	0.01539	0.00074	0.7842	4	4	0	0.91	0.665	1	0	0.64929354696714	2	NA	q22.1	1332342332	1334333602
R4d1xx1	7	100676626	100686960	171	10334	0.00956	0	0.98801	5	5	1	0.25	0.06433	0.42968	0	0.982597549025221	3	NA	q22.1	1334333653	1334343987
R4d1xx1	7	100687009	151851102	1163	51164093	0.00367	0.01905	0.65574	3	3	0	1	1	1	0	0.391195806748283	1	Gain_7q22.3	q22.1-q36.1	1334344036	1385508129
R4d1xx1	7	151851162	151919652	184	68490	0.00922	3e-05	0.54939	2	2	1	0.36	0.17187	0.54377	0	0.135902555821806	0	NA	q36.1	1385508189	1385576679
R4d1xx1	7	151919712	159053835	160	7134123	0.00988	0.00266	0.67755	3	3	0	0.21	0.04002	0.39155	0	0.438399319609223	1	NA	q36.1-q36.3	1385576739	1392710862
R4d1xx1	8	83607	43613060	597	43529453	0.00512	0.01621	0.50895	2	2	0	1	1	1	0	0.0255958358826835	0	NA	p23.3-p11.1	1392879297	1436408750
R4d1xx1	8	47064138	144992082	2148	97927944	0.0027	0.03646	0.50758	2	2	0	1	1	1	0	0.0217071293955367	0	NA	q11.1-q24.3	1439859828	1537787772
R4d1xx1	8	144992132	146230986	318	1238854	0.00701	0.00046	0.44111	2	2	1	0.35	0.17244	0.51608	0	-0.180789628071202	0	NA	q24.3	1537787822	1539026676
R4d1xx1	9	86126	38690166	743	38604040	0.00459	0.01437	0.50642	2	2	0	1	1	1	0	0.0184062872308824	0	NA	p24.3-p13.1	1539245838	1577849878
R4d1xx1	9	38765013	47238907	79	8473894	0.01406	0.00315	0.40686	1	1.00011	1	0.57	0.35209	0.78654	0	-0.297395644503467	-1	NA	p13.1-p11.2	1577924725	1586398619
R4d1xx1	9	65543125	141078492	1352	75535367	0.0034	0.02812	0.48327	2	2	0	1	1	1	0	-0.0490986556660525	0	NA	q12-q34.3	1604702837	1680238204
R4d1xx1	10	135526	38940611	749	38805085	0.00457	0.01445	0.4823	2	2	0	1	1	1	0	-0.0519972847875539	0	NA	p15.3-p11.1	1680508669	1719313754
R4d1xx1	10	42965386	135299720	1359	92334334	0.00339	0.03438	0.4832	2	2	0	1	1	1	0	-0.0493076402243704	0	NA	q11.21-q26.3	1723338529	1815672863
R4d1xx1	11	139197	1263613	137	1124416	0.01068	0.00042	0.49945	2	2	0	1	1	1	0	-0.00158783801608181	0	NA	p15.5	1816047087	1817171503
R4d1xx1	11	1263662	1276383	123	12721	0.01127	0	0.82256	4	4	1	0.16	0.02428	0.35644	0	0.718192822313515	2	NA	p15.5	1817171552	1817184273
R4d1xx1	11	1276606	51342530	1036	50065924	0.00388	0.01864	0.49521	2	2	0	1	1	1	0	-0.0138876470461239	0	NA	p15.5-p11.12	1817184496	1867250420
R4d1xx1	11	54769677	92515242	747	37745565	0.00457	0.01405	0.50607	2	2	0	1	1	1	0	0.0174088585463047	0	NA	q11-q14.3	1870677567	1908423132
R4d1xx1	11	92523139	92577761	134	54622	0.0108	2e-05	0.56542	2	2.00029	1	0.47	0.26683	0.65921	0	0.177394820100797	0	NA	q14.3	1908431029	1908485651
R4d1xx1	11	92590386	134871978	1110	42281592	0.00375	0.01574	0.47801	2	2	0	1	1	1	0	-0.0648872950924233	0	NA	q14.3-q25	1908498276	1950779868
R4d1xx1	12	77870	34780948	594	34703078	0.00513	0.01292	0.4747	2	2	0	1	1	1	0	-0.0749120451200173	0	NA	p13.33-p11.1	1950992276	1985695354
R4d1xx1	12	37931992	57532363	353	19600371	0.00665	0.0073	0.46652	2	2	0	1	1	1	0	-0.0999891632587385	0	NA	q11-q13.3	1988846398	2008446769
R4d1xx1	12	57535165	108847661	1169	51312496	0.00366	0.0191	0.50758	2	2	0	1	1	1	0	0.0217071293955367	0	NA	q13.3-q23.3	2008449571	2059762067
R4d1xx1	12	108922704	133767545	835	24844841	0.00433	0.00925	0.45761	2	2	0	0.24	0.08369	0.39007	0	-0.127809515688949	0	NA	q23.3-q24.33	2059837110	2084681951
R4d1xx1	13	19095546	115017146	1662	95921600	0.00307	0.03571	0.50881	2	2	0	1	1	1	0	0.0251989303116285	0	NA	q11-q34	2103861847	2199783447
R4d1xx1	14	19075426	20424094	13	1348668	0.03467	5e-04	0.71514	3	3.00279	1	0.45	0.11646	0.79502	0	0.516297605093599	1	NA	q11.1-q11.2	2219011605	2220360273
R4d1xx1	14	20499019	79348625	795	58849606	0.00443	0.02191	0.46281	2	2	0	1	1	1	0	-0.111508057592899	0	NA	q11.2-q31.1	2220435198	2279284804
R4d1xx1	14	79423565	81558991	55	2135426	0.01685	8e-04	0.62986	3	3	0	1	1	1	0	0.333103099199838	1	NA	q31.1	2279359744	2281495170
R4d1xx1	14	81635061	107214193	366	25579132	0.00653	0.00952	0.49562	2	2	0	1	1	1	0	-0.0126936884446992	0	NA	q31.1-q32.33	2281571240	2307150372
R4d1xx1	15	20074969	34300415	164	14225446	0.00976	0.0053	0.56421	2	2.00005	1	0.46	0.2655	0.64472	0	0.174304141441222	0	NA	q11.1-q14	2327360688	2341586134
R4d1xx1	15	34376392	73907202	691	39530810	0.00476	0.01472	0.45603	2	2	1	0.25	0.09097	0.4035	0	-0.132799359471957	0	NA	q14-q24.1	2341662111	2381192921
R4d1xx1	15	73983083	73996772	23	13689	0.02606	1e-05	0.68066	3	3	0	1	1	1	0	0.445006235209485	1	NA	q24.1	2381268802	2381282491
R4d1xx1	15	74000686	102445766	463	28445080	0.00581	0.01059	0.47804	2	2	0	1	1	1	0	-0.064796754113937	0	NA	q24.1-q26.3	2381286405	2409731485
R4d1xx1	16	135727	35205897	703	35070170	0.00471	0.01306	0.47797	2	2	0	1	1	1	0	-0.0650080252367134	0	NA	p13.3-p11.1	2409952838	2445023008
R4d1xx1	16	46611634	88499379	791	41887745	0.00444	0.01559	0.47254	2	2	0	1	1	1	0	-0.081491637809493	0	NA	q11.2-q24.2	2456428745	2498316490
R4d1xx1	16	88499428	90219754	109	1720326	0.01197	0.00064	0.41518	1	1.32238	1	0.52	0.31095	0.71839	0	-0.268191146846144	-1	NA	q24.2-q24.3	2498316539	2500036865
R4d1xx1	17	74406	22039232	636	21964826	0.00496	0.00818	0.45688	2	2	1	0.25	0.0846	0.39904	0	-0.130112805180464	0	NA	p13.3-p11.2	2500246270	2522211096
R4d1xx1	17	25487597	81122952	1326	55635355	0.00343	0.02071	0.44334	2	2	1	0.33	0.18082	0.47824	0	-0.173514560495538	0	NA	q11.1-q25.3	2525659461	2581294816
R4d1xx1	18	235617	15334305	405	15098688	0.00621	0.00562	0.47728	2	2	0	1	1	1	0	-0.0670922121015993	0	NA	p11.32-p11.21	2581602691	2596701379
R4d1xx1	18	18740493	77941934	765	59201441	0.00452	0.02204	0.49772	2	2	0	1	1	1	0	-0.00659373455298362	0	NA	q11.1-q23	2600107567	2659309008
R4d1xx1	19	136338	8987340	184	8851002	0.00922	0.0033	0.45053	2	2	1	0.29	0.09946	0.4683	0	-0.150304919125581	0	NA	p13.3-p13.2	2659580660	2668431662
R4d1xx1	19	8993064	9028403	169	35339	0.00962	1e-05	0.55706	2	2	1	0.41	0.21967	0.59675	0	0.15590463131453	0	NA	p13.2	2668437386	2668472725
R4d1xx1	19	9033214	10610681	791	1577467	0.00444	0.00059	0.49305	2	2	0	1	1	1	0	-0.0201941377479831	0	NA	p13.2	2668477536	2670055003
R4d1xx1	19	10613940	24556146	449	13942206	0.0059	0.00519	0.43068	2	2	1	0.42	0.24806	0.57741	0	-0.215311765899578	0	NA	p13.2-p11	2670058262	2684000468
R4d1xx1	19	27956429	58893367	513	30936938	0.00552	0.01152	0.46442	2	2	0	1	1	1	0	-0.106497992452359	0	NA	q11-q13.43	2687400751	2718337689
R4d1xx1	20	135987	26244187	342	26108200	0.00676	0.00972	0.50765	2	2	0	1	1	1	0	0.0219060767336222	0	NA	p13-p11.1	2718709292	2744817492
R4d1xx1	20	29478403	62935280	524	33456877	0.00546	0.01246	0.46856	2	2	0	1	1	1	0	-0.0936942953272944	0	NA	q11.21-q13.33	2748051708	2781508585
R4d1xx1	21	14413813	47895293	467	33481480	0.00578	0.01247	0.49555	2	2	0	1	1	1	0	-0.0128974650986136	0	NA	q11.2-q22.3	2796012638	2829494118
R4d1xx1	22	16131356	51175001	449	35043645	0.0059	0.01305	0.46445	2	2	0	1	1	1	0	-0.106404802121652	0	NA	q11.1-q13.33	2845860076	2880903721
R6d1xx1	1	93709	39171571	912	39077862	0.00414	0.01455	0.46445	2	2	0	1	1	1	0	-0.106404802121652	0	NA	p36.33-p34.3	93709	39171571
R6d1xx1	1	39247132	39926290	544	679158	0.00536	0.00025	0.42112	2	2	1	0.42	0.27125	0.55721	0	-0.24769670070157	0	NA	p34.3	39247132	39926290
R6d1xx1	1	39926337	121286065	1248	81359728	0.00354	0.03029	0.48636	2	2	0	1	1	1	0	-0.0399035136688148	0	NA	p34.3-p11.2	39926337	121286065
R6d1xx1	1	143205289	149383449	50	6178160	0.01768	0.0023	0.57511	2	2.00252	1	0.48	0.26048	0.68707	0	0.201909828607516	0	NA	q21.1-q21.2	143205289	149383449
R6d1xx1	1	149585303	158731631	431	9146328	0.00602	0.00341	0.43188	2	2	1	0.36	0.20456	0.49818	0	-0.211297586790928	0	NA	q21.2-q23.1	149585303	158731631
R6d1xx1	1	158806386	228404958	1932	69598572	0.00284	0.02591	0.49288	2	2	0	1	1	1	0	-0.0206916541221308	0	NA	q23.1-q42.13	158806386	228404958
R6d1xx1	1	228407162	228461110	36	53948	0.02083	2e-05	0.89515	4	4	1	0.34	0.11328	0.57123	0	0.84020135969481	2	NA	q42.13	228407162	228461110
R6d1xx1	1	228461502	228475786	95	14284	0.01282	1e-05	0.52479	2	2	0	1	1	1	0	0.0698121344286523	0	NA	q42.13	228461502	228475786
R6d1xx1	1	228475839	228492956	42	17117	0.01929	1e-05	0.80224	4	4	1	0.8	0.57359	0.97308	0	0.682105806397127	2	NA	q42.13	228475839	228492956
R6d1xx1	1	228494098	248832532	680	20338434	0.00479	0.00757	0.47533	2	2	0	1	1	1	0	-0.0729986360508521	0	NA	q42.13-q44	228494098	248832532
R6d1xx1	2	86985	92106651	1330	92019666	0.00343	0.03426	0.4962	2	2	0	1	1	1	0	-0.0110063596570186	0	NA	p25.3-p11.1	249337606	341357272
R6d1xx1	2	95400201	243025566	2707	147625365	0.0024	0.05496	0.49206	2	2	0	1	1	1	0	-0.0230938516303069	0	NA	q11.1-q37.3	344650822	492276187
R6d1xx1	3	135374	47059239	672	46923865	0.00482	0.01747	0.31271	1	1	0	1	1	1	0	-0.677102739648297	-1	Loss_3p25.3	p26.3-p21.31	492585368	539509233
R6d1xx1	3	47061239	62357380	525	15296141	0.00546	0.00569	0.28418	1	1	1	0.22	0.07232	0.35632	0	-0.815123070623815	-1	NA	p21.31-p14.2	539511233	554807374
R6d1xx1	3	62432133	90429560	367	27997427	0.00652	0.01042	0.31631	1	1	0	1	1	1	0	-0.660588928148857	-1	NA	p14.2-p11.1	554882127	582879554
R6d1xx1	3	93580592	197887091	1765	104306499	0.00298	0.03883	0.50174	2	2	0	1	1	1	0	0.00501186314960395	0	NA	q11.1-q29	586030586	690337085
R6d1xx1	4	88952	49263653	633	49174701	0.00497	0.01831	0.4818	2	2	0	1	1	1	0	-0.0534937013109787	0	NA	p16.3-p11	690561376	739736077
R6d1xx1	4	52735917	177529507	2008	124793590	0.00279	0.04646	0.483	2	2	0	1	1	1	0	-0.0499049058263139	0	NA	q12-q34.3	743208341	868001931
R6d1xx1	4	177605061	190969597	520	13364536	0.00548	0.00498	0.5253	2	2	0	1	1	1	0	0.0712134896052646	0	NA	q34.3-q35.2	868077485	881442021
R6d1xx1	5	85674	46330831	898	46245157	0.00417	0.01722	0.49658	2	2	0	1	1	1	0	-0.00990193744401886	0	NA	p15.33-p11	881712374	927957531
R6d1xx1	5	49630948	66240848	238	16609900	0.0081	0.00618	0.50701	2	2	0	1	1	1	0	0.0200861075841195	0	NA	q11.1-q12.3	931257648	947867548
R6d1xx1	5	66255058	70893984	232	4638926	0.00821	0.00173	0.42523	2	2	1	0.4	0.23107	0.54935	0	-0.233684712212941	0	NA	q12.3-q13.2	947881758	952520684
R6d1xx1	5	70969078	102278738	413	31309660	0.00615	0.01166	0.30881	1	1	0	1	1	1	0	-0.695208623638827	-1	NA	q13.2-q21.1	952595778	983905438
R6d1xx1	5	102353859	108288446	77	5934587	0.01425	0.00221	0.41975	2	2	1	0.43	0.2285	0.61596	0	-0.252397769725057	0	NA	q21.1-q21.3	983980559	989915146
R6d1xx1	5	108363567	134974580	558	26611013	0.00529	0.00991	0.53969	2	2	1	0.27	0.12471	0.40962	0	0.110202860749912	0	NA	q21.3-q31.1	989990267	1016601280
R6d1xx1	5	135049325	180732369	986	45683044	0.00398	0.01701	0.68725	3	3	0	1	1	1	0	0.458906906850866	1	Gain_5q35.3	q31.1-q35.3	1016676025	1062359069
R6d1xx1	6	135324	28418741	370	28283417	0.0065	0.01053	0.48785	2	2	0	1	1	1	0	-0.0354904666110882	0	NA	p25.3-p22.1	1062677284	1090960701
R6d1xx1	6	28493565	33472584	133	4979019	0.01084	0.00185	0.34544	1	1	0	1	1	1	0	-0.533492946414306	-1	NA	p22.1-p21.32	1091035525	1096014544
R6d1xx1	6	33547605	58539101	444	24991496	0.00593	0.0093	0.49121	2	2	0	1	1	1	0	-0.0255881636508565	0	NA	p21.31-p11.2	1096089565	1121081061
R6d1xx1	6	61942522	87730607	332	25788085	0.00686	0.0096	0.47365	2	2	0	1	1	1	0	-0.0781067104058805	0	NA	q11.1-q14.3	1124484482	1150272567
R6d1xx1	6	87805538	90529336	427	2723798	0.00605	0.00101	0.43688	2	2	1	0.33	0.17528	0.46911	0	-0.194691032962548	0	NA	q14.3-q15	1150347498	1153071296
R6d1xx1	6	90605632	170982159	1758	80376527	0.00298	0.02992	0.48063	2	2	0	1	1	1	0	-0.0570013933599809	0	NA	q15-q27	1153147592	1233524119
R6d1xx1	7	121242	4841604	69	4720362	0.01505	0.00176	0.68004	3	3	0	1	1	1	0	0.44369151339387	1	NA	p22.3-p22.1	1233778269	1238498631
R6d1xx1	7	4843220	6568104	78	1724884	0.01415	0.00064	0.49223	2	2	0	1	1	1	0	-0.0225955063064901	0	NA	p22.1	1238500247	1240225131
R6d1xx1	7	6643097	57978903	1027	51335806	0.0039	0.01911	0.68283	3	3	0	1	1	1	0	0.449598349389895	1	NA	p22.1-p11.2	1240300124	1291635930
R6d1xx1	7	61118627	91622376	712	30503749	0.00468	0.01136	0.63297	3	3	1	0.82	0.67182	0.94601	0	0.340209028973408	1	NA	q11.1-q21.2	1294775654	1325279403
R6d1xx1	7	91623918	91631926	42	8008	0.01929	0	0.44535	2	2	0	0.28	0.06715	0.496	0	-0.166988500841638	0	NA	q21.2	1325280945	1325288953
R6d1xx1	7	91631975	98609943	522	6977968	0.00547	0.0026	0.65135	3	3	0	1	1	1	0	0.381504882567306	1	NA	q21.2-q22.1	1325289002	1332266970
R6d1xx1	7	98685305	100676575	66	1991270	0.01539	0.00074	0.84247	4	4	0	0.04	0.01382	0.25527	0	0.752697218562239	2	NA	q22.1	1332342332	1334333602
R6d1xx1	7	100676626	100686960	171	10334	0.00956	0	1.085	5	5	1	0.45	0.28001	0.61382	0	1.11769504266975	3	NA	q22.1	1334333653	1334343987
R6d1xx1	7	100687009	151851102	1163	51164093	0.00367	0.01905	0.67877	3	3	0	1	1	1	0	0.440994707754458	1	Gain_7q22.3	q22.1-q36.1	1334344036	1385508129
R6d1xx1	7	151851162	151919652	184	68490	0.00922	3e-05	0.56648	2	2	1	0.43	0.25845	0.58837	0	0.180096926630333	0	NA	q36.1	1385508189	1385576679
R6d1xx1	7	151919712	159053835	160	7134123	0.00988	0.00266	0.69515	3	3	0	0.18	0.03424	0.34359	0	0.475396222382618	1	NA	q36.1-q36.3	1385576739	1392710862
R6d1xx1	8	83607	43613060	597	43529453	0.00512	0.01621	0.50477	2	2	0	1	1	1	0	0.0136980742735181	0	NA	p23.3-p11.1	1392879297	1436408750
R6d1xx1	8	47064138	144992082	2148	97927944	0.0027	0.03646	0.49213	2	2	0	1	1	1	0	-0.0228886297665762	0	NA	q11.1-q24.3	1439859828	1537787772
R6d1xx1	8	144992132	146230986	318	1238854	0.00701	0.00046	0.43952	2	2	1	0.31	0.15445	0.45918	0	-0.185999279360956	0	NA	q24.3	1537787822	1539026676
R6d1xx1	9	86126	38690166	743	38604040	0.00459	0.01437	0.49298	2	2	0	1	1	1	0	-0.0203989766535578	0	NA	p24.3-p13.1	1539245838	1577849878
R6d1xx1	9	38765013	47238907	79	8473894	0.01406	0.00315	0.34158	1	1	0	1	1	1	0	-0.549704589324509	-1	NA	p13.1-p11.2	1577924725	1586398619
R6d1xx1	9	65543125	141078492	1352	75535367	0.0034	0.02812	0.48233	2	2	0	1	1	1	0	-0.0519075491350435	0	NA	q12-q34.3	1604702837	1680238204
R6d1xx1	10	135526	38940611	749	38805085	0.00457	0.01445	0.47097	2	2	0	1	1	1	0	-0.0862929293797842	0	NA	p15.3-p11.1	1680508669	1719313754
R6d1xx1	10	42965386	135299720	1359	92334334	0.00339	0.03438	0.48572	2	2	0	1	1	1	0	-0.0418032029116328	0	NA	q11.21-q26.3	1723338529	1815672863
R6d1xx1	11	139197	1263613	137	1124416	0.01068	0.00042	0.51853	2	2	0	1	1	1	0	0.0524993649306509	0	NA	p15.5	1816047087	1817171503
R6d1xx1	11	1263662	1276383	123	12721	0.01127	0	0.90331	4	4	1	0.39	0.21077	0.56422	0	0.85329308519114	2	NA	p15.5	1817171552	1817184273
R6d1xx1	11	1276606	51342530	1036	50065924	0.00388	0.01864	0.48653	2	2	0	1	1	1	0	-0.039399328900861	0	NA	p15.5-p11.12	1817184496	1867250420
R6d1xx1	11	54769677	92515242	747	37745565	0.00457	0.01405	0.51192	2	2	0	1	1	1	0	0.033990276624916	0	NA	q11-q14.3	1870677567	1908423132
R6d1xx1	11	92523139	92577761	134	54622	0.0108	2e-05	0.58439	3	2.99499	1	0.53	0.3537	0.70183	0	0.225003396269374	1	NA	q14.3	1908431029	1908485651
R6d1xx1	11	92590386	134871978	1110	42281592	0.00375	0.01574	0.48186	2	2	0	1	1	1	0	-0.0533140493537216	0	NA	q14.3-q25	1908498276	1950779868
R6d1xx1	12	77870	34780948	594	34703078	0.00513	0.01292	0.45936	2	2	0	0.2	0.05607	0.3331	0	-0.12230285922963	0	NA	p13.33-p11.1	1950992276	1985695354
R6d1xx1	12	37931992	57532363	353	19600371	0.00665	0.0073	0.44612	2	2	1	0.27	0.11857	0.41872	0	-0.164496267883174	0	NA	q11-q13.3	1988846398	2008446769
R6d1xx1	12	57535165	108847661	1169	51312496	0.00366	0.0191	0.50355	2	2	0	1	1	1	0	0.0102069428692571	0	NA	q13.3-q23.3	2008449571	2059762067
R6d1xx1	12	108922704	133767545	835	24844841	0.00433	0.00925	0.45575	2	2	1	0.22	0.07729	0.34928	0	-0.133685438622953	0	NA	q23.3-q24.33	2059837110	2084681951
R6d1xx1	13	19095546	115017146	1662	95921600	0.00307	0.03571	0.5067	2	2	0	1	1	1	0	0.0192037339730927	0	NA	q11-q34	2103861847	2199783447
R6d1xx1	14	19075426	20424094	13	1348668	0.03467	5e-04	0.7509	3	3.06169	1	0.5	0.19095	0.8072	0	0.586692696860039	1	NA	q11.1-q11.2	2219011605	2220360273
R6d1xx1	14	20499019	79348625	795	58849606	0.00443	0.02191	0.46558	2	2	0	1	1	1	0	-0.10289900940867	0	NA	q11.2-q31.1	2220435198	2279284804
R6d1xx1	14	79423565	81558991	55	2135426	0.01685	8e-04	0.6193	3	3	1	0.74	0.52243	0.93047	0	0.308710351168077	1	NA	q31.1	2279359744	2281495170
R6d1xx1	14	81635061	107214193	366	25579132	0.00653	0.00952	0.48582	2	2	0	1	1	1	0	-0.0415062115276479	0	NA	q31.1-q32.33	2281571240	2307150372
R6d1xx1	15	20074969	34300415	164	14225446	0.00976	0.0053	0.57539	2	2.00074	1	0.48	0.30716	0.6435	0	0.202612053065446	0	NA	q11.1-q14	2327360688	2341586134
R6d1xx1	15	34376392	73907202	691	39530810	0.00476	0.01472	0.45736	2	2	0	0.21	0.06703	0.34252	0	-0.128597899503058	0	NA	q14-q24.1	2341662111	2381192921
R6d1xx1	15	73983083	73996772	23	13689	0.02606	1e-05	0.68935	3	3	0	1	1	1	0	0.463308565918163	1	NA	q24.1	2381268802	2381282491
R6d1xx1	15	74000686	102445766	463	28445080	0.00581	0.01059	0.49015	2	2	0	1	1	1	0	-0.0287047719048407	0	NA	q24.1-q26.3	2381286405	2409731485
R6d1xx1	16	135727	35205897	703	35070170	0.00471	0.01306	0.47675	2	2	0	1	1	1	0	-0.0686951563493308	0	NA	p13.3-p11.1	2409952838	2445023008
R6d1xx1	16	46611634	88499379	791	41887745	0.00444	0.01559	0.48036	2	2	0	1	1	1	0	-0.0578120733281171	0	NA	q11.2-q24.2	2456428745	2498316490
R6d1xx1	16	88499428	90219754	109	1720326	0.01197	0.00064	0.40562	2	1.64557	1	0.51	0.32372	0.68538	0	-0.301799305491244	0	NA	q24.2-q24.3	2498316539	2500036865
R6d1xx1	17	74406	22039232	636	21964826	0.00496	0.00818	0.46752	2	2	0	1	1	1	0	-0.0969000116333134	0	NA	p13.3-p11.2	2500246270	2522211096
R6d1xx1	17	25487597	81122952	1326	55635355	0.00343	0.02071	0.45116	2	2	1	0.24	0.10738	0.37089	0	-0.148288931316783	0	NA	q11.1-q25.3	2525659461	2581294816
R6d1xx1	18	235617	15334305	405	15098688	0.00621	0.00562	0.47619	2	2	0	1	1	1	0	-0.0703907705871602	0	NA	p11.32-p11.21	2581602691	2596701379
R6d1xx1	18	18740493	77941934	765	59201441	0.00452	0.02204	0.49969	2	2	0	1	1	1	0	-0.000894748326002812	0	NA	q11.1-q23	2600107567	2659309008
R6d1xx1	19	136338	8987340	184	8851002	0.00922	0.0033	0.43727	2	2	1	0.32	0.15505	0.48509	0	-0.193403722768009	0	NA	p13.3-p13.2	2659580660	2668431662
R6d1xx1	19	8993064	9028403	169	35339	0.00962	1e-05	0.58792	3	2.99998	1	0.55	0.3812	0.7158	0	0.233691761780766	1	NA	p13.2	2668437386	2668472725
R6d1xx1	19	9033214	10610681	791	1577467	0.00444	0.00059	0.52399	2	2	0	1	1	1	0	0.067611184264538	0	NA	p13.2	2668477536	2670055003
R6d1xx1	19	10613940	24556146	449	13942206	0.0059	0.00519	0.43543	2	2	1	0.34	0.18458	0.47689	0	-0.199487285982687	0	NA	p13.2-p11	2670058262	2684000468
R6d1xx1	19	27956429	58893367	513	30936938	0.00552	0.01152	0.46944	2	2	0	1	1	1	0	-0.0909873187634218	0	NA	q11-q13.43	2687400751	2718337689
R6d1xx1	20	135987	26244187	342	26108200	0.00676	0.00972	0.50421	2	2	0	1	1	1	0	0.0120966365723651	0	NA	p13-p11.1	2718709292	2744817492
R6d1xx1	20	29478403	62935280	524	33456877	0.00546	0.01246	0.47602	2	2	0	1	1	1	0	-0.0709059051888906	0	NA	q11.21-q13.33	2748051708	2781508585
R6d1xx1	21	14413813	47895293	467	33481480	0.00578	0.01247	0.48103	2	2	0	1	1	1	0	-0.0558012227183068	0	NA	q11.2-q22.3	2796012638	2829494118
R6d1xx1	22	16131356	51175001	449	35043645	0.0059	0.01305	0.47923	2	2	0	1	1	1	0	-0.0612098706160506	0	NA	q11.1-q13.33	2845860076	2880903721
R3d1xx1	1	93709	39171571	912	39077862	0.00414	0.01455	0.4553	3	3	0	1	1	1	0	-0.13511063553025	-1	Loss_1p36.11	p36.33-p34.3	93709	39171571
R3d1xx1	1	39247132	39926290	544	679158	0.00536	0.00025	0.42907	3	2.52831	0	1	1	1	0	-0.220715061580744	-1	NA	p34.3	39247132	39926290
R3d1xx1	1	39926337	121286065	1248	81359728	0.00354	0.03029	0.47434	3	3.00015	0	1	1	1	0	-0.076006562189121	-1	NA	p34.3-p11.2	39926337	121286065
R3d1xx1	1	143205289	149383449	50	6178160	0.01768	0.0023	0.53075	4	4.00007	0	1	1	1	0	0.0861043712432908	0	NA	q21.1-q21.2	143205289	149383449
R3d1xx1	1	149585303	158731631	431	9146328	0.00602	0.00341	0.41357	2	2.00017	0	1	1	1	0	-0.273796557254258	-2	NA	q21.2-q23.1	149585303	158731631
R3d1xx1	1	158806386	228404958	1932	69598572	0.00284	0.02591	0.47589	3	3.00034	0	1	1	1	0	-0.0712999557955269	-1	NA	q23.1-q42.13	158806386	228404958
R3d1xx1	1	228407162	228461110	36	53948	0.02083	2e-05	0.84663	9	9.25671	1	0.44	0.04724	0.9377	0	0.759803516004262	5	NA	q42.13	228407162	228461110
R3d1xx1	1	228461502	228475786	95	14284	0.01282	1e-05	0.49288	4	3.86739	0	1	1	1	0	-0.0206916541221308	0	NA	q42.13	228461502	228475786
R3d1xx1	1	228475839	228492956	42	17117	0.01929	1e-05	0.77965	8	8.01042	1	0.33	0.03514	0.89442	0	0.640898520642953	4	NA	q42.13	228475839	228492956
R3d1xx1	1	228494098	248832532	680	20338434	0.00479	0.00757	0.46426	3	3	0	1	1	1	0	-0.106995109239252	-1	NA	q42.13-q44	228494098	248832532
R3d1xx1	2	86985	92106651	1330	92019666	0.00343	0.03426	0.51563	4	4	0	1	1	1	0	0.0444081090607183	0	NA	p25.3-p11.1	249337606	341357272
R3d1xx1	2	95400201	243025566	2707	147625365	0.0024	0.05496	0.5199	4	4	0	1	1	1	0	0.0563060603318765	0	NA	q11.1-q37.3	344650822	492276187
R3d1xx1	3	135374	47059239	672	46923865	0.00482	0.01747	0.35678	1	1.00126	0	1	1	1	0	-0.486893350451828	-3	Loss_3p25.3	p26.3-p21.31	492585368	539509233
R3d1xx1	3	47061239	62357380	525	15296141	0.00546	0.00569	0.33976	1	1	0	1	1	1	0	-0.55741208108941	-3	NA	p21.31-p14.2	539511233	554807374
R3d1xx1	3	62432133	90429560	367	27997427	0.00652	0.01042	0.37532	2	1.98307	0	1	1	1	0	-0.413806924481224	-2	NA	p14.2-p11.1	554882127	582879554
R3d1xx1	3	93580592	197887091	1765	104306499	0.00298	0.03883	0.5273	4	4	0	1	1	1	0	0.076695901830383	0	NA	q11.1-q29	586030586	690337085
R3d1xx1	4	88952	49263653	633	49174701	0.00497	0.01831	0.41888	2	2.00286	0	1	1	1	0	-0.255391092491571	-2	NA	p16.3-p11	690561376	739736077
R3d1xx1	4	52735917	177529507	2008	124793590	0.00279	0.04646	0.42611	2	2.1514	0	1	1	1	0	-0.230702185635673	-2	Loss_4q34.3	q12-q34.3	743208341	868001931
R3d1xx1	4	177605061	190969597	520	13364536	0.00548	0.00498	0.44813	3	2.99999	0	1	1	1	0	-0.158010784146823	-1	Loss_4q34.3	q34.3-q35.2	868077485	881442021
R3d1xx1	5	85674	46330831	898	46245157	0.00417	0.01722	0.52011	4	4	0	1	1	1	0	0.0568886815811032	0	NA	p15.33-p11	881712374	927957531
R3d1xx1	5	49630948	66240848	238	16609900	0.0081	0.00618	0.5167	4	4	0	1	1	1	0	0.0473987888754111	0	NA	q11.1-q12.3	931257648	947867548
R3d1xx1	5	66255058	70893984	232	4638926	0.00821	0.00173	0.45389	3	3	0	1	1	1	0	-0.13958539138647	-1	NA	q12.3-q13.2	947881758	952520684
R3d1xx1	5	70969078	102278738	413	31309660	0.00615	0.01166	0.34748	1	1.00001	0	1	1	1	0	-0.524998152248851	-3	NA	q13.2-q21.1	952595778	983905438
R3d1xx1	5	102353859	108288446	77	5934587	0.01425	0.00221	0.51749	4	3.99999	0	1	1	1	0	0.0496028892902015	0	NA	q21.1-q21.3	983980559	989915146
R3d1xx1	5	108363567	134974580	558	26611013	0.00529	0.00991	0.55114	4	4.08731	0	1	1	1	0	0.140490742331069	0	NA	q21.3-q31.1	989990267	1016601280
R3d1xx1	5	135049325	180732369	986	45683044	0.00398	0.01701	0.68066	7	6.99513	0	1	1	1	0	0.445006235209485	3	Gain_5q35.3	q31.1-q35.3	1016676025	1062359069
R3d1xx1	6	135324	28418741	370	28283417	0.0065	0.01053	0.4999	4	3.9979	0	1	1	1	0	-0.000288567865926343	0	NA	p25.3-p22.1	1062677284	1090960701
R3d1xx1	6	28493565	33472584	133	4979019	0.01084	0.00185	0.35092	1	1.00033	0	1	1	1	0	-0.510785921218054	-3	NA	p22.1-p21.32	1091035525	1096014544
R3d1xx1	6	33547605	58539101	444	24991496	0.00593	0.0093	0.52384	4	4	0	1	1	1	0	0.0671981320373416	0	NA	p21.31-p11.2	1096089565	1121081061
R3d1xx1	6	61942522	87730607	332	25788085	0.00686	0.0096	0.53056	4	4	0	1	1	1	0	0.0855878170589387	0	NA	q11.1-q14.3	1124484482	1150272567
R3d1xx1	6	87805538	90529336	427	2723798	0.00605	0.00101	0.45486	3	3	0	1	1	1	0	-0.136505524049724	-1	NA	q14.3-q15	1150347498	1153071296
R3d1xx1	6	90605632	170982159	1758	80376527	0.00298	0.02992	0.50309	4	3.99981	0	1	1	1	0	0.00888841834211294	0	NA	q15-q27	1153147592	1233524119
R3d1xx1	7	121242	4841604	69	4720362	0.01505	0.00176	0.60053	5	5.04006	0	1	1	1	0	0.264308223933043	1	NA	p22.3-p22.1	1233778269	1238498631
R3d1xx1	7	4843220	6568104	78	1724884	0.01415	0.00064	0.49049	4	3.69548	0	1	1	1	0	-0.0277043714856101	0	NA	p22.1	1238500247	1240225131
R3d1xx1	7	6643097	57978903	1027	51335806	0.0039	0.01911	0.63945	6	6	0	1	1	1	0	0.354903461135643	2	NA	p22.1-p11.2	1240300124	1291635930
R3d1xx1	7	61118627	91622376	712	30503749	0.00468	0.01136	0.60057	5	5.00649	0	1	1	1	0	0.264404315518518	1	NA	q11.1-q21.2	1294775654	1325279403
R3d1xx1	7	91623918	91631926	42	8008	0.01929	0	0.51079	4	3.99926	0	1	1	1	0	0.0308021860428007	0	NA	q21.2	1325280945	1325288953
R3d1xx1	7	91631975	98609943	522	6977968	0.00547	0.0026	0.63428	6	6	0	1	1	1	0	0.34319175720661	2	NA	q21.2-q22.1	1325289002	1332266970
R3d1xx1	7	98685305	100676575	66	1991270	0.01539	0.00074	0.76176	8	7.99992	0	0.03	0.01944	0.6692	0	0.607408439119526	4	NA	q22.1	1332342332	1334333602
R3d1xx1	7	100676626	100686960	171	10334	0.00956	0	0.99419	12	11.99999	1	0.9	0.37813	0.98896	0	0.991593497205304	8	NA	q22.1	1334333653	1334343987
R3d1xx1	7	100687009	151851102	1163	51164093	0.00367	0.01905	0.6447	6	6	0	1	1	1	0	0.36669988859949	2	Gain_7q22.3	q22.1-q36.1	1334344036	1385508129
R3d1xx1	7	151851162	151919652	184	68490	0.00922	3e-05	0.55617	5	4.53525	0	1	1	1	0	0.153597832432085	1	NA	q36.1	1385508189	1385576679
R3d1xx1	7	151919712	159053835	160	7134123	0.00988	0.00266	0.64385	6	6	0	1	1	1	0	0.364796522858731	2	NA	q36.1-q36.3	1385576739	1392710862
R3d1xx1	8	83607	43613060	597	43529453	0.00512	0.01621	0.43976	3	2.99823	0	1	1	1	0	-0.18521171039905	-1	Loss_8p23.2	p23.3-p11.1	1392879297	1436408750
R3d1xx1	8	47064138	144992082	2148	97927944	0.0027	0.03646	0.43266	3	2.90645	0	1	1	1	0	-0.20869434706293	-1	NA	q11.1-q24.3	1439859828	1537787772
R3d1xx1	8	144992132	146230986	318	1238854	0.00701	0.00046	0.39248	2	2	0	1	1	1	0	-0.34930895587921	-2	NA	q24.3	1537787822	1539026676
R3d1xx1	9	86126	38690166	743	38604040	0.00459	0.01437	0.51235	4	4	0	1	1	1	0	0.0352015957185661	0	NA	p24.3-p13.1	1539245838	1577849878
R3d1xx1	9	38765013	47238907	79	8473894	0.01406	0.00315	0.38601	2	1.99953	0	1	1	1	0	-0.373289872358943	-2	NA	p13.1-p11.2	1577924725	1586398619
R3d1xx1	9	65543125	141078492	1352	75535367	0.0034	0.02812	0.51153	4	4	0	1	1	1	0	0.0328907581468646	0	NA	q12-q34.3	1604702837	1680238204
R3d1xx1	10	135526	38940611	749	38805085	0.00457	0.01445	0.51431	4	4	0	1	1	1	0	0.040710110154656	0	NA	p15.3-p11.1	1680508669	1719313754
R3d1xx1	10	42965386	135299720	1359	92334334	0.00339	0.03438	0.52355	4	4	0	1	1	1	0	0.0663992289113826	0	NA	q11.21-q26.3	1723338529	1815672863
R3d1xx1	11	139197	1263613	137	1124416	0.01068	0.00042	0.54745	4	4.01438	0	1	1	1	0	0.130799110838194	0	NA	p15.5	1816047087	1817171503
R3d1xx1	11	1263662	1276383	123	12721	0.01127	0	0.94599	11	11.00001	1	0.1	0.02054	0.64545	0	0.919896838120583	7	NA	p15.5	1817171552	1817184273
R3d1xx1	11	1276606	51342530	1036	50065924	0.00388	0.01864	0.50191	4	3.99957	0	1	1	1	0	0.00550059559477234	0	NA	p15.5-p11.12	1817184496	1867250420
R3d1xx1	11	54769677	92515242	747	37745565	0.00457	0.01405	0.53682	4	4.00002	0	1	1	1	0	0.102510327327549	0	NA	q11-q14.3	1870677567	1908423132
R3d1xx1	11	92523139	92577761	134	54622	0.0108	2e-05	0.59279	5	5.00046	0	1	1	1	0	0.245593015590232	1	NA	q14.3	1908431029	1908485651
R3d1xx1	11	92590386	134871978	1110	42281592	0.00375	0.01574	0.51132	4	4	0	1	1	1	0	0.0322983624625637	0	NA	q14.3-q25	1908498276	1950779868
R3d1xx1	12	77870	34780948	594	34703078	0.00513	0.01292	0.50097	4	3.99909	0	1	1	1	0	0.0027961170219193	0	NA	p13.33-p11.1	1950992276	1985695354
R3d1xx1	12	37931992	57532363	353	19600371	0.00665	0.0073	0.48083	3	3.01098	0	1	1	1	0	-0.0564011832371686	-1	NA	q11-q13.3	1988846398	2008446769
R3d1xx1	12	57535165	108847661	1169	51312496	0.00366	0.0191	0.53756	4	4.00003	0	1	1	1	0	0.104497695854665	0	NA	q13.3-q23.3	2008449571	2059762067
R3d1xx1	12	108922704	133767545	835	24844841	0.00433	0.00925	0.48788	3	3.34456	0	1	1	1	0	-0.0354017518001461	-1	NA	q23.3-q24.33	2059837110	2084681951
R3d1xx1	13	19095546	115017146	1662	95921600	0.00307	0.03571	0.43827	3	2.99657	0	1	1	1	0	-0.190108166498216	-1	NA	q11-q34	2103861847	2199783447
R3d1xx1	14	19075426	20424094	13	1348668	0.03467	5e-04	0.63746	6	5.99374	0	1	1	1	0	0.350406722202326	2	NA	q11.1-q11.2	2219011605	2220360273
R3d1xx1	14	20499019	79348625	795	58849606	0.00443	0.02191	0.3997	2	2	0	1	1	1	0	-0.323010522129003	-2	Loss_14q31.1	q11.2-q31.1	2220435198	2279284804
R3d1xx1	14	79423565	81558991	55	2135426	0.01685	8e-04	0.54048	4	4.00165	0	1	1	1	0	0.112313138364574	0	NA	q31.1	2279359744	2281495170
R3d1xx1	14	81635061	107214193	366	25579132	0.00653	0.00952	0.42795	2	2.3774	0	1	1	1	0	-0.224485847246574	-2	Loss_14q31.1	q31.1-q32.33	2281571240	2307150372
R3d1xx1	15	20074969	34300415	164	14225446	0.00976	0.0053	0.60449	5	5.09806	0	1	1	1	0	0.273790378466706	1	NA	q11.1-q14	2327360688	2341586134
R3d1xx1	15	34376392	73907202	691	39530810	0.00476	0.01472	0.5009	4	3.99911	0	1	1	1	0	0.00259451670845232	0	NA	q14-q24.1	2341662111	2381192921
R3d1xx1	15	73983083	73996772	23	13689	0.02606	1e-05	0.71937	7	7.00544	0	1	1	1	0	0.524805900902738	3	NA	q24.1	2381268802	2381282491
R3d1xx1	15	74000686	102445766	463	28445080	0.00581	0.01059	0.51395	4	4	0	1	1	1	0	0.0396999177209514	0	NA	q24.1-q26.3	2381286405	2409731485
R3d1xx1	16	135727	35205897	703	35070170	0.00471	0.01306	0.51267	4	4	0	1	1	1	0	0.0361023828799534	0	NA	p13.3-p11.1	2409952838	2445023008
R3d1xx1	16	46611634	88499379	791	41887745	0.00444	0.01559	0.51903	4	4	0	1	1	1	0	0.0538898340626208	0	NA	q11.2-q24.2	2456428745	2498316490
R3d1xx1	16	88499428	90219754	109	1720326	0.01197	0.00064	0.45188	3	2.99997	0	1	1	1	0	-0.145988389481319	-1	NA	q24.2-q24.3	2498316539	2500036865
R3d1xx1	17	74406	22039232	636	21964826	0.00496	0.00818	0.44553	3	2.99994	0	1	1	1	0	-0.166405515229897	-1	NA	p13.3-p11.2	2500246270	2522211096
R3d1xx1	17	25487597	81122952	1326	55635355	0.00343	0.02071	0.44105	3	2.99934	0	1	1	1	0	-0.180985877510277	-1	NA	q11.1-q25.3	2525659461	2581294816
R3d1xx1	18	235617	15334305	405	15098688	0.00621	0.00562	0.4681	3	3.00001	0	1	1	1	0	-0.0951113298374952	-1	NA	p11.32-p11.21	2581602691	2596701379
R3d1xx1	18	18740493	77941934	765	59201441	0.00452	0.02204	0.48515	3	3.09523	0	1	1	1	0	-0.0434972222299558	-1	NA	q11.1-q23	2600107567	2659309008
R3d1xx1	19	136338	8987340	184	8851002	0.00922	0.0033	0.47175	3	3.00017	0	1	1	1	0	-0.0839055770616417	-1	NA	p13.3-p13.2	2659580660	2668431662
R3d1xx1	19	8993064	9028403	169	35339	0.00962	1e-05	0.62955	6	5.99997	0	1	1	1	0	0.332392869057616	2	NA	p13.2	2668437386	2668472725
R3d1xx1	19	9033214	10610681	791	1577467	0.00444	0.00059	0.56245	5	4.98735	0	1	1	1	0	0.169796756183249	1	NA	p13.2	2668477536	2670055003
R3d1xx1	19	10613940	24556146	449	13942206	0.0059	0.00519	0.46687	3	3	0	1	1	1	0	-0.098907207617522	-1	NA	p13.2-p11	2670058262	2684000468
R3d1xx1	19	27956429	58893367	513	30936938	0.00552	0.01152	0.49627	4	3.98567	0	1	1	1	0	-0.0108028499226594	0	NA	q11-q13.43	2687400751	2718337689
R3d1xx1	20	135987	26244187	342	26108200	0.00676	0.00972	0.54601	4	4.00534	0	1	1	1	0	0.126999279001896	0	NA	p13-p11.1	2718709292	2744817492
R3d1xx1	20	29478403	62935280	524	33456877	0.00546	0.01246	0.50959	4	3.99999	0	1	1	1	0	0.0274088720868304	0	NA	q11.21-q13.33	2748051708	2781508585
R3d1xx1	21	14413813	47895293	467	33481480	0.00578	0.01247	0.47957	3	3.00469	0	1	1	1	0	-0.0601866826009009	-1	NA	q11.2-q22.3	2796012638	2829494118
R3d1xx1	22	16131356	51175001	449	35043645	0.0059	0.01305	0.5126	4	4	0	1	1	1	0	0.0359053837421279	0	NA	q11.1-q13.33	2845860076	2880903721
