sample	Chromosome	Start.bp	End.bp	n_probes	length	seg_sigma	W	copy_ratio	modal_cn	expected_cn	subclonal	cancer_cell_frac	ccf_ci95_low	ccf_ci95_high	hz	logR	norm_modal_cn	driverSCNA	arm	gps_start	gps_end
R6d1.1	1	93709	53469331	1281	53375622	0.00349	0.01986	0.48609	2	2	0	1	1	1	0	-0.040704640042509	0	NA	p36.33-p32.3	93709	53469331
R6d1.1	1	53544221	121286065	926	67741844	0.00411	0.02521	0.50744	2	2	0	1	1	1	0	0.0213091523960582	0	NA	p32.3-p11.2	53544221	121286065
R6d1.1	1	142633228	145203136	15	2569908	0.03227	0.00096	0.67059	3	3.00654	0	0.45	0.08617	0.84681	0	0.423502874587942	1	NA	q21.1	142633228	145203136
R6d1.1	1	145281518	205847197	892	60565679	0.00419	0.02254	0.48086	2	2	0	1	1	1	0	-0.0563111732521614	0	NA	q21.1-q32.1	145281518	205847197
R6d1.1	1	206137835	212247789	267	6109954	0.00765	0.00227	0.39401	1	1	0	1	1	1	0	-0.343695849044978	-1	NA	q32.1-q32.3	206137835	212247789
R6d1.1	1	212322949	216907740	62	4584791	0.01588	0.00171	0.49848	2	2	0	1	1	1	0	-0.00439247287100798	0	NA	q32.3-q41	212322949	216907740
R6d1.1	1	216982900	240370819	369	23387919	0.00651	0.0087	0.36898	1	1	0	1	1	1	0	-0.438385475574034	-1	NA	q41-q43	216982900	240370819
R6d1.1	1	240370868	240371803	20	935	0.02795	0	0.25411	0	0	1	0.93	0.5095	1	1	-0.976474943948936	-2	NA	q43	240370868	240371803
R6d1.1	1	240371852	249149416	171	8777564	0.00956	0.00327	0.37885	1	1	0	1	1	1	0	-0.400301346996265	-1	NA	q43-q44	240371852	249149416
R6d1.1	2	86985	92106651	1467	92019666	0.00326	0.03424	0.49158	2	2	0	1	1	1	0	-0.024501874229213	0	NA	p25.3-p11.1	249337606	341357272
R6d1.1	2	95399733	243170925	2540	147771192	0.00248	0.05499	0.50125	2	2	0	1	1	1	0	0.00360223668019553	0	NA	q11.1-q37.3	344650354	492421546
R6d1.1	3	136041	47166001	871	47029960	0.00424	0.0175	0.37232	1	1	0	1	1	1	0	-0.425384979031463	-1	Loss_3p25.3	p26.3-p21.31	492586035	539615995
R6d1.1	3	47168145	86390628	718	39222483	0.00466	0.0146	0.35648	1	1	0	1	1	1	0	-0.48810695709678	-1	NA	p21.31-p12.1	539618139	578840622
R6d1.1	3	86465423	90429560	54	3964137	0.01701	0.00148	0.49782	2	2	0	1	1	1	0	-0.00630390289463921	0	NA	p12.1-p11.1	578915417	582879554
R6d1.1	3	93580643	195506496	1722	101925853	0.00301	0.03793	0.49377	2	2	0	1	1	1	0	-0.0180889096136503	0	NA	q11.1-q29	586030637	687956490
R6d1.1	3	195506546	195510811	80	4265	0.01398	0	0.73296	4	4	0	1	1	1	0	0.551806373081196	2	NA	q29	687956540	687960805
R6d1.1	3	195510861	195513521	22	2660	0.02665	0	1.03161	6	6.00126	1	0.38	0.0665	0.7435	0	1.04489766319564	4	NA	q29	687960855	687963515
R6d1.1	3	195513570	197886222	131	2372652	0.01092	0.00088	0.54571	2	2.00005	1	0.44	0.19152	0.67691	0	0.126206386093164	0	NA	q29	687963564	690336216
R6d1.1	4	88952	49263653	786	49174701	0.00446	0.0183	0.48764	2	2	0	1	1	1	0	-0.0361116230827422	0	NA	p16.3-p11	690561376	739736077
R6d1.1	4	52735275	95816491	760	43081216	0.00453	0.01603	0.48764	2	2	0	1	1	1	0	-0.0361116230827422	0	NA	q12-q22.3	743207699	786288915
R6d1.1	4	95891634	106197646	266	10306012	0.00766	0.00384	0.52588	2	2	0	1	1	1	0	0.0728055351324443	0	NA	q22.3-q24	786364058	796670070
R6d1.1	4	106275451	190818701	1319	84543250	0.00344	0.03146	0.48778	2	2	0	1	1	1	0	-0.0356974890540954	0	NA	q24-q35.2	796747875	881291125
R6d1.1	5	85370	46330140	696	46244770	0.00474	0.01721	0.4889	2	2	0	1	1	1	0	-0.0323886895413121	0	NA	p15.33-p11	881712070	927956840
R6d1.1	5	49630765	60263012	143	10632247	0.01045	0.00396	0.48704	2	2	0	1	1	1	0	-0.0378878309332664	0	NA	q11.1-q12.1	931257465	941889712
R6d1.1	5	60337887	180847297	2051	120509410	0.00276	0.04484	0.61638	3	3	0	1	1	1	0	0.301891955854156	1	Gain_5q35.3	q12.1-q35.3	941964587	1062473997
R6d1.1	6	135217	12841172	345	12705955	0.00673	0.00473	0.51306	2	2	0	1	1	1	0	0.0371994573402108	0	NA	p25.3-p24.1	1062677177	1075383132
R6d1.1	6	12916279	58539101	722	45622822	0.00465	0.01698	0.46996	2	2	0	1	1	1	0	-0.0893901258788449	0	NA	p24.1-p11.2	1075458239	1121081061
R6d1.1	6	61942522	170982159	1683	109039637	0.00305	0.04058	0.49748	2	2	0	1	1	1	0	-0.0072895681874804	0	NA	q11.1-q27	1124484482	1233524119
R6d1.1	7	121242	57102776	964	56981534	0.00403	0.0212	0.49397	2	2	0	1	1	1	0	-0.0175046687969959	0	NA	p22.3-p11.2	1233778269	1290759803
R6d1.1	7	57175933	57980673	12	804740	0.03608	3e-04	0.66781	3	3.00399	0	1	1	1	0	0.41750960205124	1	NA	p11.2	1290832960	1291637700
R6d1.1	7	61118627	80688771	252	19570144	0.00787	0.00728	0.4631	2	2	0	1	1	1	0	-0.110604337845756	0	NA	q11.1-q21.11	1294775654	1314345798
R6d1.1	7	80763740	159053835	1657	78290095	0.00307	0.02913	0.49469	2	2	0	1	1	1	0	-0.0154033587145091	0	NA	q21.11-q36.3	1314420767	1392710862
R6d1.1	8	85136	43616065	743	43530929	0.00459	0.0162	0.48724	2	2	0	1	1	1	0	-0.0372955186365327	0	NA	p23.3-p11.1	1392880826	1436411755
R6d1.1	8	47064138	146230986	1656	99166848	0.00307	0.0369	0.49662	2	2	0	1	1	1	0	-0.0097857316412264	0	NA	q11.1-q24.3	1439859828	1539026676
R6d1.1	9	85600	47238907	617	47153307	0.00503	0.01755	0.4824	2	2	0	1	1	1	0	-0.0516981876493646	0	NA	p24.3-p11.2	1539245312	1586398619
R6d1.1	9	65543125	141078492	1037	75535367	0.00388	0.02811	0.49121	2	2	0	1	1	1	0	-0.0255881636508565	0	NA	q12-q34.3	1604702837	1680238204
R6d1.1	10	134766	38940611	816	38805845	0.00438	0.01444	0.47731	2	2	0	1	1	1	0	-0.0670015326449929	0	NA	p15.3-p11.1	1680507909	1719313754
R6d1.1	10	42840919	104077660	1096	61236741	0.00378	0.02279	0.49008	2	2	0	1	1	1	0	-0.028910822837854	0	NA	q11.21-q24.32	1723214062	1784450803
R6d1.1	10	104152800	135449405	489	31296605	0.00565	0.01165	0.61536	3	3	0	1	1	1	0	0.299502572903086	1	NA	q24.32-q26.3	1784525943	1815822548
R6d1.1	11	139197	51342530	988	51203333	0.00398	0.01905	0.49497	2	2	0	1	1	1	0	-0.0145870084078839	0	NA	p15.5-p11.12	1816047087	1867250420
R6d1.1	11	54993406	62287346	207	7293940	0.00869	0.00271	0.50719	2	2	0	1	1	1	0	0.0205982060066924	0	NA	q11-q12.3	1870901296	1878195236
R6d1.1	11	62287395	62299711	248	12316	0.00794	0	0.55452	2	2.2389	1	0.51	0.28594	0.72465	0	0.149311400450879	0	NA	q12.3	1878195285	1878207601
R6d1.1	11	62299760	108128299	706	45828539	0.0047	0.01705	0.48714	2	2	0	1	1	1	0	-0.0375916443874623	0	NA	q12.3-q22.3	1878207650	1924036189
R6d1.1	11	108129702	134870991	548	26741289	0.00534	0.00995	0.5061	2	2	0	1	1	1	0	0.0174943794592725	0	NA	q22.3-q25	1924037592	1950778881
R6d1.1	12	77870	34781321	493	34703451	0.00563	0.01291	0.48153	2	2	0	1	1	1	0	-0.0543024120772579	0	NA	p13.33-p11.1	1950992276	1985695727
R6d1.1	12	37933893	49432196	524	11498303	0.00546	0.00428	0.48391	2	2	0	1	1	1	0	-0.0471893420720277	0	NA	q11-q13.12	1988848299	2000346602
R6d1.1	12	49432247	51790443	251	2358196	0.00789	0.00088	0.44221	2	2	1	0.4	0.17712	0.61456	0	-0.177196444705443	0	NA	q13.12-q13.13	2000346653	2002704849
R6d1.1	12	51865952	133767545	1345	81901593	0.00341	0.03048	0.48734	2	2	0	1	1	1	0	-0.0369994536555251	0	NA	q13.13-q24.33	2002780358	2084681951
R6d1.1	13	19095534	115017146	1336	95921612	0.00342	0.03569	0.50299	2	2	0	1	1	1	0	0.00860162304837092	0	NA	q11-q34	2103861835	2199783447
R6d1.1	14	19075755	107216558	2054	88140803	0.00276	0.0328	0.48096	2	2	0	1	1	1	0	-0.0560111805204472	0	NA	q11.1-q32.33	2219011934	2307152737
R6d1.1	15	20074969	22718998	15	2644029	0.03227	0.00098	0.68772	4	3.71024	1	0.59	0.18141	0.93444	0	0.45989320720015	2	NA	q11.1-q11.2	2327360688	2330004717
R6d1.1	15	22791303	102445742	1481	79654439	0.00325	0.02964	0.4938	2	2	0	1	1	1	0	-0.0180012584066675	0	NA	q11.2-q26.3	2330077022	2409731461
R6d1.1	16	133256	31998830	592	31865574	0.00514	0.01186	0.47993	2	2	0	1	1	1	0	-0.0591040974230146	0	NA	p13.3-p11.2	2409950367	2441815941
R6d1.1	16	32073786	35205897	31	3132111	0.02245	0.00117	0.66586	3	3.00014	1	0.41	0.09803	0.74299	0	0.413290781301749	1	NA	p11.2-p11.1	2441890897	2445023008
R6d1.1	16	46611314	64762431	237	18151117	0.00812	0.00675	0.49267	2	2	0	1	1	1	0	-0.0213064701399316	0	NA	q11.2-q21	2456428425	2474579542
R6d1.1	16	64837435	66562541	24	1725106	0.02552	0.00064	0.63825	3	3	0	1	1	1	0	0.352193537745032	1	NA	q21	2474654546	2476379652
R6d1.1	16	66637545	70612790	54	3975245	0.01701	0.00148	0.51363	2	2	0	1	1	1	0	0.0388013746819511	0	NA	q21-q22.1	2476454656	2480429901
R6d1.1	16	70687794	82313509	150	11625715	0.01021	0.00433	0.61179	3	3	0	1	1	1	0	0.291108430661391	1	NA	q22.1-q23.3	2480504905	2492130620
R6d1.1	16	82388514	90216989	103	7828475	0.01232	0.00291	0.4711	2	2	0	1	1	1	0	-0.0858947628815281	0	NA	q23.3-q24.3	2492205625	2500034100
R6d1.1	17	74406	21038365	487	20963959	0.00566	0.0078	0.47009	2	2	0	1	1	1	0	-0.0889911037916981	0	NA	p13.3-p11.2	2500246270	2521210229
R6d1.1	17	21113756	22039232	11	925476	0.03769	0.00034	0.61459	3	3	0	1	1	1	0	0.297696198129131	1	NA	p11.2	2521285620	2522211096
R6d1.1	17	25486271	81122952	1305	55636681	0.00346	0.0207	0.47648	2	2	0	1	1	1	0	-0.0695124358547118	0	NA	q11.1-q25.3	2525658135	2581294816
R6d1.1	18	85256	15335642	199	15250386	0.00886	0.00567	0.50035	2	2	0	1	1	1	0	0.00100953323319873	0	NA	p11.32-p11.21	2581452330	2596702716
R6d1.1	18	18736044	57527541	513	38791497	0.00552	0.01444	0.49182	2	2	0	1	1	1	0	-0.0237976911568364	0	NA	q11.1-q21.32	2600103118	2638894615
R6d1.1	18	57602440	77941934	270	20339494	0.00761	0.00757	0.54408	2	2	1	0.43	0.20413	0.63739	0	0.12189070202513	0	NA	q21.32-q23	2638969514	2659309008
R6d1.1	19	132118	24556146	623	24424028	0.00501	0.00909	0.47152	2	2	0	1	1	1	0	-0.0846091293128116	0	NA	p13.3-p11	2659576440	2684000468
R6d1.1	19	27960972	36174992	190	8214020	0.00907	0.00306	0.51388	2	2	0	1	1	1	0	0.0395034092457787	0	NA	q11-q13.12	2687405294	2695619314
R6d1.1	19	36249287	51169883	827	14920596	0.00435	0.00555	0.46345	2	2	0	1	1	1	0	-0.109514394964469	0	NA	q13.12-q13.33	2695693609	2710614205
R6d1.1	19	51169933	51175377	33	5444	0.02176	0	0.33641	1	1	0	1	1	1	0	-0.571707503634431	-1	NA	q13.33	2710614255	2710619699
R6d1.1	19	51182432	59043631	249	7861199	0.00792	0.00293	0.47854	2	2	0	1	1	1	0	-0.0632885737502712	0	NA	q13.33-q13.43	2710626754	2718487953
R6d1.1	20	135524	26244045	343	26108521	0.00675	0.00972	0.50191	2	2	0	1	1	1	0	0.00550059559477234	0	NA	p13-p11.1	2718708829	2744817350
R6d1.1	20	29478404	62935280	519	33456876	0.00549	0.01245	0.49476	2	2	0	1	1	1	0	-0.0151992278275908	0	NA	q11.21-q13.33	2748051709	2781508585
R6d1.1	21	14413541	48044695	444	33631154	0.00593	0.01251	0.48273	2	2	0	1	1	1	0	-0.0507116068114531	0	NA	q11.2-q22.3	2796012366	2829643520
R6d1.1	22	16131356	51036869	510	34905513	0.00554	0.01299	0.48856	2	2	0	1	1	1	0	-0.0333923445935603	0	NA	q11.1-q13.33	2845860076	2880765589
R9d1.1	1	93709	53469331	1281	53375622	0.00349	0.01986	0.4783	2	2	0	1	1	1	0	-0.0640123035631439	0	NA	p36.33-p32.3	93709	53469331
R9d1.1	1	53544221	121286065	926	67741844	0.00411	0.02521	0.50062	2	2	0	1	1	1	0	0.00178783362279521	0	NA	p32.3-p11.2	53544221	121286065
R9d1.1	1	142633228	145203136	15	2569908	0.03227	0.00096	0.61026	3	3	0	1	1	1	0	0.28749593597479	1	NA	q21.1	142633228	145203136
R9d1.1	1	145281518	205847197	892	60565679	0.00419	0.02254	0.48377	2	2	0	1	1	1	0	-0.047606788556679	0	NA	q21.1-q32.1	145281518	205847197
R9d1.1	1	206137835	212247789	267	6109954	0.00765	0.00227	0.3662	1	1	0	1	1	1	0	-0.449296303752112	-1	NA	q32.1-q32.3	206137835	212247789
R9d1.1	1	212322949	216907740	62	4584791	0.01588	0.00171	0.48968	2	2	0	1	1	1	0	-0.0300888216302478	0	NA	q32.3-q41	212322949	216907740
R9d1.1	1	216982900	240370819	369	23387919	0.00651	0.0087	0.34217	1	1	0	1	1	1	0	-0.547214818837099	-1	NA	q41-q43	216982900	240370819
R9d1.1	1	240370868	240371803	20	935	0.02795	0	0.27445	1	0.99995	1	0.44	0.13347	0.74386	0	-0.865384755574891	-1	NA	q43	240370868	240371803
R9d1.1	1	240371852	249149416	171	8777564	0.00956	0.00327	0.34609	1	1	0	1	1	1	0	-0.530780838327182	-1	NA	q43-q44	240371852	249149416
R9d1.1	2	86985	92106651	1467	92019666	0.00326	0.03424	0.49706	2	2	0	1	1	1	0	-0.00850808519673977	0	NA	p25.3-p11.1	249337606	341357272
R9d1.1	2	95399733	243170925	2540	147771192	0.00248	0.05499	0.50021	2	2	0	1	1	1	0	0.000605804707088461	0	NA	q11.1-q37.3	344650354	492421546
R9d1.1	3	136041	47166001	871	47029960	0.00424	0.0175	0.34262	1	1	0	1	1	1	0	-0.545318725547626	-1	Loss_3p25.3	p26.3-p21.31	492586035	539615995
R9d1.1	3	47168145	86390628	718	39222483	0.00466	0.0146	0.3241	1	1	0	1	1	1	0	-0.625489074231609	-1	NA	p21.31-p12.1	539618139	578840622
R9d1.1	3	86465423	90429560	54	3964137	0.01701	0.00148	0.48498	2	2	0	1	1	1	0	-0.0440028413932875	0	NA	p12.1-p11.1	578915417	582879554
R9d1.1	3	93580643	195506496	1722	101925853	0.00301	0.03793	0.48985	2	2	0	1	1	1	0	-0.029588054610527	0	NA	q11.1-q29	586030637	687956490
R9d1.1	3	195506546	195510811	80	4265	0.01398	0	0.62825	3	3	0	1	1	1	0	0.329410671218568	1	NA	q29	687956540	687960805
R9d1.1	3	195510861	195513521	22	2660	0.02665	0	0.87941	5	4.99682	1	0.58	0.27166	0.86746	0	0.814607843017283	3	NA	q29	687960855	687963515
R9d1.1	3	195513570	197886222	131	2372652	0.01092	0.00088	0.50821	2	2	0	1	1	1	0	0.0234966685567766	0	NA	q29	687963564	690336216
R9d1.1	4	88952	49263653	786	49174701	0.00446	0.0183	0.48771	2	2	0	1	1	1	0	-0.0359045412084703	0	NA	p16.3-p11	690561376	739736077
R9d1.1	4	52735275	95816491	760	43081216	0.00453	0.01603	0.47774	2	2	0	1	1	1	0	-0.0657024196990721	0	NA	q12-q22.3	743207699	786288915
R9d1.1	4	95891634	106197646	266	10306012	0.00766	0.00384	0.52486	2	2	0	1	1	1	0	0.0700045579088828	0	NA	q22.3-q24	786364058	796670070
R9d1.1	4	106275451	190818701	1319	84543250	0.00344	0.03146	0.49288	2	2	0	1	1	1	0	-0.0206916541221308	0	NA	q24-q35.2	796747875	881291125
R9d1.1	5	85370	46330140	696	46244770	0.00474	0.01721	0.48741	2	2	0	1	1	1	0	-0.036792244313569	0	NA	p15.33-p11	881712070	927956840
R9d1.1	5	49630765	60263012	143	10632247	0.01045	0.00396	0.4836	2	2	0	1	1	1	0	-0.0481138503003259	0	NA	q11.1-q12.1	931257465	941889712
R9d1.1	5	60337887	180847297	2051	120509410	0.00276	0.04484	0.64443	3	3	0	1	1	1	0	0.366095562167345	1	Gain_5q35.3	q12.1-q35.3	941964587	1062473997
R9d1.1	6	135217	12841172	345	12705955	0.00673	0.00473	0.52326	2	2	0	1	1	1	0	0.0655998831417377	0	NA	p25.3-p24.1	1062677177	1075383132
R9d1.1	6	12916279	58539101	722	45622822	0.00465	0.01698	0.47316	2	2	0	1	1	1	0	-0.079599978607839	0	NA	p24.1-p11.2	1075458239	1121081061
R9d1.1	6	61942522	170982159	1683	109039637	0.00305	0.04058	0.49703	2	2	0	1	1	1	0	-0.00859516152029151	0	NA	q11.1-q27	1124484482	1233524119
R9d1.1	7	121242	57102776	964	56981534	0.00403	0.0212	0.49734	2	2	0	1	1	1	0	-0.00769562618200761	0	NA	p22.3-p11.2	1233778269	1290759803
R9d1.1	7	57175933	57980673	12	804740	0.03608	3e-04	0.64667	3	3	0	1	1	1	0	0.371101588244456	1	NA	p11.2	1290832960	1291637700
R9d1.1	7	61118627	80688771	252	19570144	0.00787	0.00728	0.456	2	2	0	1	1	1	0	-0.132894270497345	0	NA	q11.1-q21.11	1294775654	1314345798
R9d1.1	7	80763740	159053835	1657	78290095	0.00307	0.02913	0.49679	2	2	0	1	1	1	0	-0.00929196137649133	0	NA	q21.11-q36.3	1314420767	1392710862
R9d1.1	8	85136	43616065	743	43530929	0.00459	0.0162	0.48401	2	2	0	1	1	1	0	-0.0468912399466409	0	NA	p23.3-p11.1	1392880826	1436411755
R9d1.1	8	47064138	146230986	1656	99166848	0.00307	0.0369	0.49986	2	2	0	1	1	1	0	-0.000404011175653334	0	NA	q11.1-q24.3	1439859828	1539026676
R9d1.1	9	85600	47238907	617	47153307	0.00503	0.01755	0.4908	2	2	0	1	1	1	0	-0.0267928458865443	0	NA	p24.3-p11.2	1539245312	1586398619
R9d1.1	9	65543125	141078492	1037	75535367	0.00388	0.02811	0.49613	2	2	0	1	1	1	0	-0.0112098981029583	0	NA	q12-q34.3	1604702837	1680238204
R9d1.1	10	134766	38940611	816	38805845	0.00438	0.01444	0.48096	2	2	0	1	1	1	0	-0.0560111805204472	0	NA	p15.3-p11.1	1680507909	1719313754
R9d1.1	10	42840919	104077660	1096	61236741	0.00378	0.02279	0.48876	2	2	0	1	1	1	0	-0.0328018747122408	0	NA	q11.21-q24.32	1723214062	1784450803
R9d1.1	10	104152800	135449405	489	31296605	0.00565	0.01165	0.64234	3	3	0	1	1	1	0	0.361409044317296	1	NA	q24.32-q26.3	1784525943	1815822548
R9d1.1	11	139197	51342530	988	51203333	0.00398	0.01905	0.49233	2	2	0	1	1	1	0	-0.0223024423904566	0	NA	p15.5-p11.12	1816047087	1867250420
R9d1.1	11	54993406	62287346	207	7293940	0.00869	0.00271	0.51334	2	2	0	1	1	1	0	0.0379865863765896	0	NA	q11-q12.3	1870901296	1878195236
R9d1.1	11	62287395	62299711	248	12316	0.00794	0	0.56983	3	2.87411	1	0.52	0.33756	0.69678	0	0.188603482744737	1	NA	q12.3	1878195285	1878207601
R9d1.1	11	62299760	108128299	706	45828539	0.0047	0.01705	0.48424	2	2	0	1	1	1	0	-0.0462058387266139	0	NA	q12.3-q22.3	1878207650	1924036189
R9d1.1	11	108129702	134870991	548	26741289	0.00534	0.00995	0.51627	2	2	0	1	1	1	0	0.046197671895411	0	NA	q22.3-q25	1924037592	1950778881
R9d1.1	12	77870	34781321	493	34703451	0.00563	0.01291	0.47543	2	2	0	1	1	1	0	-0.0726951535639554	0	NA	p13.33-p11.1	1950992276	1985695727
R9d1.1	12	37933893	49432196	524	11498303	0.00546	0.00428	0.48829	2	2	0	1	1	1	0	-0.0341898624744212	0	NA	q11-q13.12	1988848299	2000346602
R9d1.1	12	49432247	51790443	251	2358196	0.00789	0.00088	0.44748	2	2	1	0.29	0.10794	0.46466	0	-0.160104891942014	0	NA	q13.12-q13.13	2000346653	2002704849
R9d1.1	12	51865952	133767545	1345	81901593	0.00341	0.03048	0.49383	2	2	0	1	1	1	0	-0.0179136125246268	0	NA	q13.13-q24.33	2002780358	2084681951
R9d1.1	13	19095534	115017146	1336	95921612	0.00342	0.03569	0.49637	2	2	0	1	1	1	0	-0.0105121715204654	0	NA	q11-q34	2103861835	2199783447
R9d1.1	14	19075755	107216558	2054	88140803	0.00276	0.0328	0.49151	2	2	0	1	1	1	0	-0.0247073257199878	0	NA	q11.1-q32.33	2219011934	2307152737
R9d1.1	15	20074969	22718998	15	2644029	0.03227	0.00098	0.66351	3	3	0	1	1	1	0	0.408190114252479	1	NA	q11.1-q11.2	2327360688	2330004717
R9d1.1	15	22791303	102445742	1481	79654439	0.00325	0.02964	0.48991	2	2	0	1	1	1	0	-0.0294113548012644	0	NA	q11.2-q26.3	2330077022	2409731461
R9d1.1	16	133256	31998830	592	31865574	0.00514	0.01186	0.46791	2	2	0	1	1	1	0	-0.0956970331131736	0	NA	p13.3-p11.2	2409950367	2441815941
R9d1.1	16	32073786	35205897	31	3132111	0.02245	0.00117	0.66264	3	3	0	1	1	1	0	0.406297198872414	1	NA	p11.2-p11.1	2441890897	2445023008
R9d1.1	16	46611314	64762431	237	18151117	0.00812	0.00675	0.50229	2	2	0	1	1	1	0	0.00659245805584675	0	NA	q11.2-q21	2456428425	2474579542
R9d1.1	16	64837435	66562541	24	1725106	0.02552	0.00064	0.69414	3	3	1	0.35	0.07633	0.6374	0	0.473298572146884	1	NA	q21	2474654546	2476379652
R9d1.1	16	66637545	70612790	54	3975245	0.01701	0.00148	0.50962	2	2	0	1	1	1	0	0.0274938022802923	0	NA	q21-q22.1	2476454656	2480429901
R9d1.1	16	70687794	82313509	150	11625715	0.01021	0.00433	0.61119	3	3	0	1	1	1	0	0.28969284398952	1	NA	q22.1-q23.3	2480504905	2492130620
R9d1.1	16	82388514	90216989	103	7828475	0.01232	0.00291	0.46629	2	2	0	1	1	1	0	-0.100700604744419	0	NA	q23.3-q24.3	2492205625	2500034100
R9d1.1	17	74406	21038365	487	20963959	0.00566	0.0078	0.47385	2	2	0	1	1	1	0	-0.0774976570814202	0	NA	p13.3-p11.2	2500246270	2521210229
R9d1.1	17	21113756	22039232	11	925476	0.03769	0.00034	0.6679	3	3	0	1	1	1	0	0.417704019333249	1	NA	p11.2	2521285620	2522211096
R9d1.1	17	25486271	81122952	1305	55636681	0.00346	0.0207	0.47767	2	2	0	1	1	1	0	-0.0659138235006713	0	NA	q11.1-q25.3	2525658135	2581294816
R9d1.1	18	85256	15335642	199	15250386	0.00886	0.00567	0.50135	2	2	0	1	1	1	0	0.00389002743337184	0	NA	p11.32-p11.21	2581452330	2596702716
R9d1.1	18	18736044	57527541	513	38791497	0.00552	0.01444	0.49216	2	2	0	1	1	1	0	-0.0228006864749853	0	NA	q11.1-q21.32	2600103118	2638894615
R9d1.1	18	57602440	77941934	270	20339494	0.00761	0.00757	0.5217	2	2	0	1	1	1	0	0.0612923384782941	0	NA	q21.32-q23	2638969514	2659309008
R9d1.1	19	132118	24556146	623	24424028	0.00501	0.00909	0.4681	2	2	0	1	1	1	0	-0.0951113298374952	0	NA	p13.3-p11	2659576440	2684000468
R9d1.1	19	27960972	36174992	190	8214020	0.00907	0.00306	0.52116	2	2	0	1	1	1	0	0.059798263738237	0	NA	q11-q13.12	2687405294	2695619314
R9d1.1	19	36249287	51169883	827	14920596	0.00435	0.00555	0.45949	2	2	0	1	1	1	0	-0.121894630777615	0	NA	q13.12-q13.33	2695693609	2710614205
R9d1.1	19	51169933	51175377	33	5444	0.02176	0	0.37141	1	1	0	1	1	1	0	-0.428915435359348	-1	NA	q13.33	2710614255	2710619699
R9d1.1	19	51182432	59043631	249	7861199	0.00792	0.00293	0.48344	2	2	0	1	1	1	0	-0.0485912477371404	0	NA	q13.33-q13.43	2710626754	2718487953
R9d1.1	20	135524	26244045	343	26108521	0.00675	0.00972	0.50796	2	2	0	1	1	1	0	0.0227867996027647	0	NA	p13-p11.1	2718708829	2744817350
R9d1.1	20	29478404	62935280	519	33456876	0.00549	0.01245	0.49514	2	2	0	1	1	1	0	-0.0140915924250917	0	NA	q11.21-q13.33	2748051709	2781508585
R9d1.1	21	14413541	48044695	444	33631154	0.00593	0.01251	0.4894	2	2	0	1	1	1	0	-0.0309139934700597	0	NA	q11.2-q22.3	2796012366	2829643520
R9d1.1	22	16131356	51036869	510	34905513	0.00554	0.01299	0.48586	2	2	0	1	1	1	0	-0.0413874320906558	0	NA	q11.1-q13.33	2845860076	2880765589
R1d2.1	1	93709	53469331	1281	53375622	0.00349	0.01986	0.48374	2	2	0	1	1	1	0	-0.0476962570918683	0	NA	p36.33-p32.3	93709	53469331
R1d2.1	1	53544221	121286065	926	67741844	0.00411	0.02521	0.49641	2	2	0	1	1	1	0	-0.0103959165562904	0	NA	p32.3-p11.2	53544221	121286065
R1d2.1	1	142633228	145203136	15	2569908	0.03227	0.00096	0.59576	3	2.99897	0	0.63	0.30744	0.91956	0	0.252803167775482	1	NA	q21.1	142633228	145203136
R1d2.1	1	145281518	205847197	892	60565679	0.00419	0.02254	0.48515	2	2	0	1	1	1	0	-0.0434972222299558	0	NA	q21.1-q32.1	145281518	205847197
R1d2.1	1	206137835	212247789	267	6109954	0.00765	0.00227	0.35192	1	1	0	1	1	1	0	-0.506680588526688	-1	NA	q32.1-q32.3	206137835	212247789
R1d2.1	1	212322949	216907740	62	4584791	0.01588	0.00171	0.4782	2	2	0	1	1	1	0	-0.0643139648378214	0	NA	q32.3-q41	212322949	216907740
R1d2.1	1	216982900	240370819	369	23387919	0.00651	0.0087	0.33201	1	1	0	1	1	1	0	-0.590701399299681	-1	NA	q41-q43	216982900	240370819
R1d2.1	1	240370868	240371803	20	935	0.02795	0	0.23184	0	0.00058	1	0.64	0.34733	0.91423	1	-1.10879859487988	-2	NA	q43	240370868	240371803
R1d2.1	1	240371852	249149416	171	8777564	0.00956	0.00327	0.32933	1	1	0	1	1	1	0	-0.602394156048991	-1	NA	q43-q44	240371852	249149416
R1d2.1	2	86985	92106651	1467	92019666	0.00326	0.03424	0.49281	2	2	0	1	1	1	0	-0.0208965636840254	0	NA	p25.3-p11.1	249337606	341357272
R1d2.1	2	95399733	243170925	2540	147771192	0.00248	0.05499	0.49834	2	2	0	1	1	1	0	-0.00479771615876792	0	NA	q11.1-q37.3	344650354	492421546
R1d2.1	3	136041	47166001	871	47029960	0.00424	0.0175	0.33282	1	1	0	1	1	1	0	-0.587185963590304	-1	Loss_3p25.3	p26.3-p21.31	492586035	539615995
R1d2.1	3	47168145	86390628	718	39222483	0.00466	0.0146	0.31939	1	1	0	1	1	1	0	-0.646608951757059	-1	NA	p21.31-p12.1	539618139	578840622
R1d2.1	3	86465423	90429560	54	3964137	0.01701	0.00148	0.50673	2	2	0	1	1	1	0	0.0192891485576999	0	NA	p12.1-p11.1	578915417	582879554
R1d2.1	3	93580643	195506496	1722	101925853	0.00301	0.03793	0.48687	2	2	0	1	1	1	0	-0.0383914876560477	0	NA	q11.1-q29	586030637	687956490
R1d2.1	3	195506546	195510811	80	4265	0.01398	0	0.70325	3	3	1	0.3	0.09734	0.50473	0	0.492109552652613	1	NA	q29	687956540	687960805
R1d2.1	3	195510861	195513521	22	2660	0.02665	0	0.9911	5	5	0	0.1	0.01782	0.40128	0	0.987102534901386	3	NA	q29	687960855	687963515
R1d2.1	3	195513570	197886222	131	2372652	0.01092	0.00088	0.54209	2	2	1	0.3	0.10569	0.47807	0	0.116604298711318	0	NA	q29	687963564	690336216
R1d2.1	4	88952	49263653	786	49174701	0.00446	0.0183	0.49486	2	2	0	1	1	1	0	-0.0149076623689703	0	NA	p16.3-p11	690561376	739736077
R1d2.1	4	52735275	95816491	760	43081216	0.00453	0.01603	0.4727	2	2	0	1	1	1	0	-0.0810032301907997	0	NA	q12-q22.3	743207699	786288915
R1d2.1	4	95891634	106197646	266	10306012	0.00766	0.00384	0.52577	2	2	0	1	1	1	0	0.0725037304349183	0	NA	q22.3-q24	786364058	796670070
R1d2.1	4	106275451	190818701	1319	84543250	0.00344	0.03146	0.49507	2	2	0	1	1	1	0	-0.0142955666387039	0	NA	q24-q35.2	796747875	881291125
R1d2.1	5	85370	46330140	696	46244770	0.00474	0.01721	0.49322	2	2	0	1	1	1	0	-0.0196967928842439	0	NA	p15.33-p11	881712070	927956840
R1d2.1	5	49630765	60263012	143	10632247	0.01045	0.00396	0.50236	2	2	0	1	1	1	0	0.00679350051446552	0	NA	q11.1-q12.1	931257465	941889712
R1d2.1	5	60337887	180847297	2051	120509410	0.00276	0.04484	0.65483	3	3	0	1	1	1	0	0.389192323228598	1	Gain_5q35.3	q12.1-q35.3	941964587	1062473997
R1d2.1	6	135217	12841172	345	12705955	0.00673	0.00473	0.52066	2	2	0	1	1	1	0	0.05841348023278	0	NA	p25.3-p24.1	1062677177	1075383132
R1d2.1	6	12916279	58539101	722	45622822	0.00465	0.01698	0.47061	2	2	0	1	1	1	0	-0.0873961181476582	0	NA	p24.1-p11.2	1075458239	1121081061
R1d2.1	6	61942522	170982159	1683	109039637	0.00305	0.04058	0.49073	2	2	0	1	1	1	0	-0.0269986239127554	0	NA	q11.1-q27	1124484482	1233524119
R1d2.1	7	121242	57102776	964	56981534	0.00403	0.0212	0.49952	2	2	0	1	1	1	0	-0.00138565245890284	0	NA	p22.3-p11.2	1233778269	1290759803
R1d2.1	7	57175933	57980673	12	804740	0.03608	3e-04	0.63905	3	3	0	1	1	1	0	0.354000718804498	1	NA	p11.2	1290832960	1291637700
R1d2.1	7	61118627	80688771	252	19570144	0.00787	0.00728	0.4548	2	2	0	0.25	0.08088	0.41421	0	-0.136695840657202	0	NA	q11.1-q21.11	1294775654	1314345798
R1d2.1	7	80763740	159053835	1657	78290095	0.00307	0.02913	0.4962	2	2	0	1	1	1	0	-0.0110063596570186	0	NA	q21.11-q36.3	1314420767	1392710862
R1d2.1	8	85136	43616065	743	43530929	0.00459	0.0162	0.48411	2	2	0	1	1	1	0	-0.0465931994049684	0	NA	p23.3-p11.1	1392880826	1436411755
R1d2.1	8	47064138	146230986	1656	99166848	0.00307	0.0369	0.50282	2	2	0	1	1	1	0	0.0081139401673366	0	NA	q11.1-q24.3	1439859828	1539026676
R1d2.1	9	85600	47238907	617	47153307	0.00503	0.01755	0.49199	2	2	0	1	1	1	0	-0.0232991026907867	0	NA	p24.3-p11.2	1539245312	1586398619
R1d2.1	9	65543125	141078492	1037	75535367	0.00388	0.02811	0.48849	2	2	0	1	1	1	0	-0.0335990661595703	0	NA	q12-q34.3	1604702837	1680238204
R1d2.1	10	134766	38940611	816	38805845	0.00438	0.01444	0.47652	2	2	0	1	1	1	0	-0.0693913281911873	0	NA	p15.3-p11.1	1680507909	1719313754
R1d2.1	10	42840919	104077660	1096	61236741	0.00378	0.02279	0.49312	2	2	0	1	1	1	0	-0.0199893279220264	0	NA	q11.21-q24.32	1723214062	1784450803
R1d2.1	10	104152800	135449405	489	31296605	0.00565	0.01165	0.65117	3	3	0	1	1	1	0	0.381106139962182	1	NA	q24.32-q26.3	1784525943	1815822548
R1d2.1	11	139197	51342530	988	51203333	0.00398	0.01905	0.49737	2	2	0	1	1	1	0	-0.00760860413288826	0	NA	p15.5-p11.12	1816047087	1867250420
R1d2.1	11	54993406	62287346	207	7293940	0.00869	0.00271	0.50733	2	2	0	1	1	1	0	0.0209963791467122	0	NA	q11-q12.3	1870901296	1878195236
R1d2.1	11	62287395	62299711	248	12316	0.00794	0	0.55779	2	2	1	0.39	0.21986	0.55794	0	0.157793975226926	0	NA	q12.3	1878195285	1878207601
R1d2.1	11	62299760	108128299	706	45828539	0.0047	0.01705	0.49002	2	2	0	1	1	1	0	-0.0290874613493559	0	NA	q12.3-q22.3	1878207650	1924036189
R1d2.1	11	108129702	134870991	548	26741289	0.00534	0.00995	0.51072	2	2	0	1	1	1	0	0.0306044617855339	0	NA	q22.3-q25	1924037592	1950778881
R1d2.1	12	77870	34781321	493	34703451	0.00563	0.01291	0.48512	2	2	0	1	1	1	0	-0.04358643626572	0	NA	p13.33-p11.1	1950992276	1985695727
R1d2.1	12	37933893	49432196	524	11498303	0.00546	0.00428	0.49404	2	2	0	1	1	1	0	-0.0173002403943863	0	NA	q11-q13.12	1988848299	2000346602
R1d2.1	12	49432247	51790443	251	2358196	0.00789	0.00088	0.44154	2	2	1	0.33	0.15969	0.4971	0	-0.179383954436897	0	NA	q13.12-q13.13	2000346653	2002704849
R1d2.1	12	51865952	133767545	1345	81901593	0.00341	0.03048	0.48491	2	2	0	1	1	1	0	-0.0442110890358812	0	NA	q13.13-q24.33	2002780358	2084681951
R1d2.1	13	19095534	115017146	1336	95921612	0.00342	0.03569	0.49868	2	2	0	1	1	1	0	-0.00381375127758872	0	NA	q11-q34	2103861835	2199783447
R1d2.1	14	19075755	107216558	2054	88140803	0.00276	0.0328	0.48505	2	2	0	1	1	1	0	-0.0437946238061253	0	NA	q11.1-q32.33	2219011934	2307152737
R1d2.1	15	20074969	22718998	15	2644029	0.03227	0.00098	0.67642	3	3	0	1	1	1	0	0.435991222273671	1	NA	q11.1-q11.2	2327360688	2330004717
R1d2.1	15	22791303	102445742	1481	79654439	0.00325	0.02964	0.49445	2	2	0	1	1	1	0	-0.0161034553977048	0	NA	q11.2-q26.3	2330077022	2409731461
R1d2.1	16	133256	31998830	592	31865574	0.00514	0.01186	0.47715	2	2	0	1	1	1	0	-0.0674852222887798	0	NA	p13.3-p11.2	2409950367	2441815941
R1d2.1	16	32073786	35205897	31	3132111	0.02245	0.00117	0.67362	3	3	0	1	1	1	0	0.430006878244489	1	NA	p11.2-p11.1	2441890897	2445023008
R1d2.1	16	46611314	64762431	237	18151117	0.00812	0.00675	0.50537	2	2	0	1	1	1	0	0.0154119300288241	0	NA	q11.2-q21	2456428425	2474579542
R1d2.1	16	64837435	66562541	24	1725106	0.02552	0.00064	0.71015	3	3	1	0.35	0.08413	0.61893	0	0.506195692264814	1	NA	q21	2474654546	2476379652
R1d2.1	16	66637545	70612790	54	3975245	0.01701	0.00148	0.52235	2	2	0	1	1	1	0	0.0630887120192842	0	NA	q21-q22.1	2476454656	2480429901
R1d2.1	16	70687794	82313509	150	11625715	0.01021	0.00433	0.64367	3	3	0	1	1	1	0	0.364393134780795	1	NA	q22.1-q23.3	2480504905	2492130620
R1d2.1	16	82388514	90216989	103	7828475	0.01232	0.00291	0.47586	2	2	0	1	1	1	0	-0.0713909058375358	0	NA	q23.3-q24.3	2492205625	2500034100
R1d2.1	17	74406	21038365	487	20963959	0.00566	0.0078	0.46464	2	2	0	1	1	1	0	-0.105814736441061	0	NA	p13.3-p11.2	2500246270	2521210229
R1d2.1	17	21113756	22039232	11	925476	0.03769	0.00034	0.63839	3	3	0	1	1	1	0	0.35250995788937	1	NA	p11.2	2521285620	2522211096
R1d2.1	17	25486271	81122952	1305	55636681	0.00346	0.0207	0.48156	2	2	0	1	1	1	0	-0.0542125329356603	0	NA	q11.1-q25.3	2525658135	2581294816
R1d2.1	18	85256	15335642	199	15250386	0.00886	0.00567	0.5121	2	2	0	1	1	1	0	0.0344974641994449	0	NA	p11.32-p11.21	2581452330	2596702716
R1d2.1	18	18736044	57527541	513	38791497	0.00552	0.01444	0.49336	2	2	0	1	1	1	0	-0.0192873434587939	0	NA	q11.1-q21.32	2600103118	2638894615
R1d2.1	18	57602440	77941934	270	20339494	0.00761	0.00757	0.52362	2	2	0	1	1	1	0	0.0665921081058069	0	NA	q21.32-q23	2638969514	2659309008
R1d2.1	19	132118	24556146	623	24424028	0.00501	0.00909	0.47228	2	2	0	1	1	1	0	-0.0822856530083659	0	NA	p13.3-p11	2659576440	2684000468
R1d2.1	19	27960972	36174992	190	8214020	0.00907	0.00306	0.50467	2	2	0	1	1	1	0	0.0134122336003509	0	NA	q11-q13.12	2687405294	2695619314
R1d2.1	19	36249287	51169883	827	14920596	0.00435	0.00555	0.46497	2	2	0	1	1	1	0	-0.104790458768722	0	NA	q13.12-q13.33	2695693609	2710614205
R1d2.1	19	51169933	51175377	33	5444	0.02176	0	0.35267	1	1	0	1	1	1	0	-0.503609237274672	-1	NA	q13.33	2710614255	2710619699
R1d2.1	19	51182432	59043631	249	7861199	0.00792	0.00293	0.47336	2	2	0	1	1	1	0	-0.0789902946867978	0	NA	q13.33-q13.43	2710626754	2718487953
R1d2.1	20	135524	26244045	343	26108521	0.00675	0.00972	0.50941	2	2	0	1	1	1	0	0.0268991859041789	0	NA	p13-p11.1	2718708829	2744817350
R1d2.1	20	29478404	62935280	519	33456876	0.00549	0.01245	0.49087	2	2	0	1	1	1	0	-0.026587097207185	0	NA	q11.21-q13.33	2748051709	2781508585
R1d2.1	21	14413541	48044695	444	33631154	0.00593	0.01251	0.48143	2	2	0	1	1	1	0	-0.0546020496626353	0	NA	q11.2-q22.3	2796012366	2829643520
R1d2.1	22	16131356	51036869	510	34905513	0.00554	0.01299	0.48193	2	2	0	1	1	1	0	-0.0531044836743935	0	NA	q11.1-q13.33	2845860076	2880765589
R7d1.1	1	93709	53469331	1281	53375622	0.00349	0.01986	0.47675	2	2	0	1	1	1	0	-0.0686951563493308	0	NA	p36.33-p32.3	93709	53469331
R7d1.1	1	53544221	121286065	926	67741844	0.00411	0.02521	0.49931	2	2	0	1	1	1	0	-0.00199229415578977	0	NA	p32.3-p11.2	53544221	121286065
R7d1.1	1	142633228	145203136	15	2569908	0.03227	0.00096	0.58075	3	2.92277	1	0.58	0.24058	0.88774	0	0.215989154146721	1	NA	q21.1	142633228	145203136
R7d1.1	1	145281518	205847197	892	60565679	0.00419	0.02254	0.48233	2	2	0	1	1	1	0	-0.0519075491350435	0	NA	q21.1-q32.1	145281518	205847197
R7d1.1	1	206137835	212247789	267	6109954	0.00765	0.00227	0.34777	1	1	0	1	1	1	0	-0.523794609390535	-1	NA	q32.1-q32.3	206137835	212247789
R7d1.1	1	212322949	216907740	62	4584791	0.01588	0.00171	0.48917	2	2	0	1	1	1	0	-0.0315921664480064	0	NA	q32.3-q41	212322949	216907740
R7d1.1	1	216982900	240370819	369	23387919	0.00651	0.0087	0.33665	1	1	0	1	1	1	0	-0.570678630058558	-1	NA	q41-q43	216982900	240370819
R7d1.1	1	240370868	240371803	20	935	0.02795	0	0.25665	1	0.92453	1	0.53	0.2259	0.82926	0	-0.96212583433888	-1	NA	q43	240370868	240371803
R7d1.1	1	240371852	249149416	171	8777564	0.00956	0.00327	0.33646	1	1	0	1	1	1	0	-0.571493094455311	-1	NA	q43-q44	240371852	249149416
R7d1.1	2	86985	92106651	1467	92019666	0.00326	0.03424	0.49083	2	2	0	1	1	1	0	-0.0267046642881007	0	NA	p25.3-p11.1	249337606	341357272
R7d1.1	2	95399733	243170925	2540	147771192	0.00248	0.05499	0.50017	2	2	0	1	1	1	0	0.000490432945025304	0	NA	q11.1-q37.3	344650354	492421546
R7d1.1	3	136041	47166001	871	47029960	0.00424	0.0175	0.33418	1	1	0	1	1	1	0	-0.581302701297431	-1	Loss_3p25.3	p26.3-p21.31	492586035	539615995
R7d1.1	3	47168145	86390628	718	39222483	0.00466	0.0146	0.32367	1	1	0	1	1	1	0	-0.627404442213155	-1	NA	p21.31-p12.1	539618139	578840622
R7d1.1	3	86465423	90429560	54	3964137	0.01701	0.00148	0.45736	2	2	0	1	1	1	0	-0.128597899503058	0	NA	p12.1-p11.1	578915417	582879554
R7d1.1	3	93580643	195506496	1722	101925853	0.00301	0.03793	0.48623	2	2	0	1	1	1	0	-0.0402891856507034	0	NA	q11.1-q29	586030637	687956490
R7d1.1	3	195506546	195510811	80	4265	0.01398	0	0.58919	3	3	1	0.63	0.41127	0.8396	0	0.236804849619396	1	NA	q29	687956540	687960805
R7d1.1	3	195510861	195513521	22	2660	0.02665	0	0.83903	4	4	1	0.26	0.03793	0.55079	0	0.746794301090551	2	NA	q29	687960855	687963515
R7d1.1	3	195513570	197886222	131	2372652	0.01092	0.00088	0.50404	2	2	0	1	1	1	0	0.0116101339008545	0	NA	q29	687963564	690336216
R7d1.1	4	88952	49263653	786	49174701	0.00446	0.0183	0.48424	2	2	0	1	1	1	0	-0.0462058387266139	0	NA	p16.3-p11	690561376	739736077
R7d1.1	4	52735275	95816491	760	43081216	0.00453	0.01603	0.48083	2	2	0	1	1	1	0	-0.0564011832371686	0	NA	q12-q22.3	743207699	786288915
R7d1.1	4	95891634	106197646	266	10306012	0.00766	0.00384	0.51649	2	2	0	1	1	1	0	0.0468123217923793	0	NA	q22.3-q24	786364058	796670070
R7d1.1	4	106275451	190818701	1319	84543250	0.00344	0.03146	0.49373	2	2	0	1	1	1	0	-0.0182057861739888	0	NA	q24-q35.2	796747875	881291125
R7d1.1	5	85370	46330140	696	46244770	0.00474	0.01721	0.49356	2	2	0	1	1	1	0	-0.0187026172152735	0	NA	p15.33-p11	881712070	927956840
R7d1.1	5	49630765	60263012	143	10632247	0.01045	0.00396	0.49875	2	2	0	1	1	1	0	-0.00361125355237884	0	NA	q11.1-q12.1	931257465	941889712
R7d1.1	5	60337887	180847297	2051	120509410	0.00276	0.04484	0.64748	3	3	0	1	1	1	0	0.372907535214614	1	Gain_5q35.3	q12.1-q35.3	941964587	1062473997
R7d1.1	6	135217	12841172	345	12705955	0.00673	0.00473	0.51192	2	2	0	1	1	1	0	0.033990276624916	0	NA	p25.3-p24.1	1062677177	1075383132
R7d1.1	6	12916279	58539101	722	45622822	0.00465	0.01698	0.47378	2	2	0	1	1	1	0	-0.0777107964988002	0	NA	p24.1-p11.2	1075458239	1121081061
R7d1.1	6	61942522	170982159	1683	109039637	0.00305	0.04058	0.49782	2	2	0	1	1	1	0	-0.00630390289463921	0	NA	q11.1-q27	1124484482	1233524119
R7d1.1	7	121242	57102776	964	56981534	0.00403	0.0212	0.49555	2	2	0	1	1	1	0	-0.0128974650986136	0	NA	p22.3-p11.2	1233778269	1290759803
R7d1.1	7	57175933	57980673	12	804740	0.03608	3e-04	0.66402	3	3	0	1	1	1	0	0.409298600700319	1	NA	p11.2	1290832960	1291637700
R7d1.1	7	61118627	80688771	252	19570144	0.00787	0.00728	0.45888	2	2	0	1	1	1	0	-0.123811165734907	0	NA	q11.1-q21.11	1294775654	1314345798
R7d1.1	7	80763740	159053835	1657	78290095	0.00307	0.02913	0.491	2	2	0	1	1	1	0	-0.026205070347394	0	NA	q21.11-q36.3	1314420767	1392710862
R7d1.1	8	85136	43616065	743	43530929	0.00459	0.0162	0.47764	2	2	0	1	1	1	0	-0.0660044346137987	0	NA	p23.3-p11.1	1392880826	1436411755
R7d1.1	8	47064138	146230986	1656	99166848	0.00307	0.0369	0.49686	2	2	0	1	1	1	0	-0.00908869331826295	0	NA	q11.1-q24.3	1439859828	1539026676
R7d1.1	9	85600	47238907	617	47153307	0.00503	0.01755	0.48485	2	2	0	1	1	1	0	-0.044389610943495	0	NA	p24.3-p11.2	1539245312	1586398619
R7d1.1	9	65543125	141078492	1037	75535367	0.00388	0.02811	0.49913	2	2	0	1	1	1	0	-0.00251247585959435	0	NA	q12-q34.3	1604702837	1680238204
R7d1.1	10	134766	38940611	816	38805845	0.00438	0.01444	0.4812	2	2	0	1	1	1	0	-0.0552914523733729	0	NA	p15.3-p11.1	1680507909	1719313754
R7d1.1	10	42840919	104077660	1096	61236741	0.00378	0.02279	0.48687	2	2	0	1	1	1	0	-0.0383914876560477	0	NA	q11.21-q24.32	1723214062	1784450803
R7d1.1	10	104152800	135449405	489	31296605	0.00565	0.01165	0.64345	3	3	0	1	1	1	0	0.363899951686622	1	NA	q24.32-q26.3	1784525943	1815822548
R7d1.1	11	139197	51342530	988	51203333	0.00398	0.01905	0.48384	2	2	0	1	1	1	0	-0.0473980502157391	0	NA	p15.5-p11.12	1816047087	1867250420
R7d1.1	11	54993406	62287346	207	7293940	0.00869	0.00271	0.51231	2	2	0	1	1	1	0	0.0350889577671192	0	NA	q11-q12.3	1870901296	1878195236
R7d1.1	11	62287395	62299711	248	12316	0.00794	0	0.55799	2	2	1	0.43	0.24659	0.59864	0	0.158311172185588	0	NA	q12.3	1878195285	1878207601
R7d1.1	11	62299760	108128299	706	45828539	0.0047	0.01705	0.47794	2	2	0	1	1	1	0	-0.0650985794755872	0	NA	q12.3-q22.3	1878207650	1924036189
R7d1.1	11	108129702	134870991	548	26741289	0.00534	0.00995	0.51427	2	2	0	1	1	1	0	0.0405979014753803	0	NA	q22.3-q25	1924037592	1950778881
R7d1.1	12	77870	34781321	493	34703451	0.00563	0.01291	0.49012	2	2	0	1	1	1	0	-0.0287930758440414	0	NA	p13.33-p11.1	1950992276	1985695727
R7d1.1	12	37933893	49432196	524	11498303	0.00546	0.00428	0.49662	2	2	0	1	1	1	0	-0.0097857316412264	0	NA	q11-q13.12	1988848299	2000346602
R7d1.1	12	49432247	51790443	251	2358196	0.00789	0.00088	0.44932	2	2	1	0.28	0.10126	0.45026	0	-0.154184814778426	0	NA	q13.12-q13.13	2000346653	2002704849
R7d1.1	12	51865952	133767545	1345	81901593	0.00341	0.03048	0.48428	2	2	0	1	1	1	0	-0.0460866717467511	0	NA	q13.13-q24.33	2002780358	2084681951
R7d1.1	13	19095534	115017146	1336	95921612	0.00342	0.03569	0.49172	2	2	0	1	1	1	0	-0.0240910590007187	0	NA	q11-q34	2103861835	2199783447
R7d1.1	14	19075755	107216558	2054	88140803	0.00276	0.0328	0.49356	2	2	0	1	1	1	0	-0.0187026172152735	0	NA	q11.1-q32.33	2219011934	2307152737
R7d1.1	15	20074969	22718998	15	2644029	0.03227	0.00098	0.69323	3	3	0	1	1	1	0	0.471405994571351	1	NA	q11.1-q11.2	2327360688	2330004717
R7d1.1	15	22791303	102445742	1481	79654439	0.00325	0.02964	0.49418	2	2	0	1	1	1	0	-0.0168914704705319	0	NA	q11.2-q26.3	2330077022	2409731461
R7d1.1	16	133256	31998830	592	31865574	0.00514	0.01186	0.47162	2	2	0	1	1	1	0	-0.0843031948712027	0	NA	p13.3-p11.2	2409950367	2441815941
R7d1.1	16	32073786	35205897	31	3132111	0.02245	0.00117	0.6915	3	3	0	0.3	0.05847	0.56138	0	0.467801156488407	1	NA	p11.2-p11.1	2441890897	2445023008
R7d1.1	16	46611314	64762431	237	18151117	0.00812	0.00675	0.50055	2	2	0	1	1	1	0	0.00158609235402637	0	NA	q11.2-q21	2456428425	2474579542
R7d1.1	16	64837435	66562541	24	1725106	0.02552	0.00064	0.6468	3	3	0	1	1	1	0	0.371391583924212	1	NA	q21	2474654546	2476379652
R7d1.1	16	66637545	70612790	54	3975245	0.01701	0.00148	0.53902	2	2	0	1	1	1	0	0.108410709380786	0	NA	q21-q22.1	2476454656	2480429901
R7d1.1	16	70687794	82313509	150	11625715	0.01021	0.00433	0.63411	3	3	0	1	1	1	0	0.342805033630392	1	NA	q22.1-q23.3	2480504905	2492130620
R7d1.1	16	82388514	90216989	103	7828475	0.01232	0.00291	0.46869	2	2	0	1	1	1	0	-0.0932940811762817	0	NA	q23.3-q24.3	2492205625	2500034100
R7d1.1	17	74406	21038365	487	20963959	0.00566	0.0078	0.47385	2	2	0	1	1	1	0	-0.0774976570814202	0	NA	p13.3-p11.2	2500246270	2521210229
R7d1.1	17	21113756	22039232	11	925476	0.03769	0.00034	0.6296	3	3	0	1	1	1	0	0.332507445958037	1	NA	p11.2	2521285620	2522211096
R7d1.1	17	25486271	81122952	1305	55636681	0.00346	0.0207	0.47923	2	2	0	1	1	1	0	-0.0612098706160506	0	NA	q11.1-q25.3	2525658135	2581294816
R7d1.1	18	85256	15335642	199	15250386	0.00886	0.00567	0.51975	2	2	0	1	1	1	0	0.055889758196283	0	NA	p11.32-p11.21	2581452330	2596702716
R7d1.1	18	18736044	57527541	513	38791497	0.00552	0.01444	0.49346	2	2	0	1	1	1	0	-0.0189949507132422	0	NA	q11.1-q21.32	2600103118	2638894615
R7d1.1	18	57602440	77941934	270	20339494	0.00761	0.00757	0.52781	2	2	0	1	1	1	0	0.0780905896414268	0	NA	q21.32-q23	2638969514	2659309008
R7d1.1	19	132118	24556146	623	24424028	0.00501	0.00909	0.46674	2	2	0	1	1	1	0	-0.0993089821412048	0	NA	p13.3-p11	2659576440	2684000468
R7d1.1	19	27960972	36174992	190	8214020	0.00907	0.00306	0.50652	2	2	0	1	1	1	0	0.0186911402420333	0	NA	q11-q13.12	2687405294	2695619314
R7d1.1	19	36249287	51169883	827	14920596	0.00435	0.00555	0.4553	2	2	0	1	1	1	0	-0.13511063553025	0	NA	q13.12-q13.33	2695693609	2710614205
R7d1.1	19	51169933	51175377	33	5444	0.02176	0	0.40517	1	1.01059	1	0.57	0.29783	0.82491	0	-0.303400738254503	-1	NA	q13.33	2710614255	2710619699
R7d1.1	19	51182432	59043631	249	7861199	0.00792	0.00293	0.48636	2	2	0	1	1	1	0	-0.0399035136688148	0	NA	q13.33-q13.43	2710626754	2718487953
R7d1.1	20	135524	26244045	343	26108521	0.00675	0.00972	0.50846	2	2	0	1	1	1	0	0.0242061883960398	0	NA	p13-p11.1	2718708829	2744817350
R7d1.1	20	29478404	62935280	519	33456876	0.00549	0.01245	0.49233	2	2	0	1	1	1	0	-0.0223024423904566	0	NA	q11.21-q13.33	2748051709	2781508585
R7d1.1	21	14413541	48044695	444	33631154	0.00593	0.01251	0.48283	2	2	0	1	1	1	0	-0.0504127760715619	0	NA	q11.2-q22.3	2796012366	2829643520
R7d1.1	22	16131356	51036869	510	34905513	0.00554	0.01299	0.48093	2	2	0	1	1	1	0	-0.0561011717902195	0	NA	q11.1-q13.33	2845860076	2880765589
R4d1.1	1	93709	53469331	1281	53375622	0.00349	0.01986	0.48599	2	2	0	1	1	1	0	-0.0410014664448583	0	NA	p36.33-p32.3	93709	53469331
R4d1.1	1	53544221	121286065	926	67741844	0.00411	0.02521	0.5001	2	2	0	1	1	1	0	0.000288510158123553	0	NA	p32.3-p11.2	53544221	121286065
R4d1.1	1	142633228	145203136	15	2569908	0.03227	0.00096	0.63169	3	3	0	1	1	1	0	0.337288638856046	1	NA	q21.1	142633228	145203136
R4d1.1	1	145281518	205847197	892	60565679	0.00419	0.02254	0.48247	2	2	0	1	1	1	0	-0.0514888565414653	0	NA	q21.1-q32.1	145281518	205847197
R4d1.1	1	206137835	212247789	267	6109954	0.00765	0.00227	0.34021	1	1	1	0.81	0.65271	0.94482	0	-0.555502547247685	-1	NA	q32.1-q32.3	206137835	212247789
R4d1.1	1	212322949	216907740	62	4584791	0.01588	0.00171	0.47474	2	2	0	1	1	1	0	-0.0747904833537768	0	NA	q32.3-q41	212322949	216907740
R4d1.1	1	216982900	240370819	369	23387919	0.00651	0.0087	0.3107	1	1	0	1	1	1	0	-0.686405853427609	-1	NA	q41-q43	216982900	240370819
R4d1.1	1	240370868	240371803	20	935	0.02795	0	0.2366	1	1	1	0.38	0.12309	0.63502	0	-1.07947802120966	-1	NA	q43	240370868	240371803
R4d1.1	1	240371852	249149416	171	8777564	0.00956	0.00327	0.30976	1	1	0	1	1	1	0	-0.690777237162217	-1	NA	q43-q44	240371852	249149416
R4d1.1	2	86985	92106651	1467	92019666	0.00326	0.03424	0.49179	2	2	0	1	1	1	0	-0.0238856952463435	0	NA	p25.3-p11.1	249337606	341357272
R4d1.1	2	95399733	243170925	2540	147771192	0.00248	0.05499	0.49934	2	2	0	1	1	1	0	-0.00190561543703999	0	NA	q11.1-q37.3	344650354	492421546
R4d1.1	3	136041	47166001	871	47029960	0.00424	0.0175	0.3211	1	1	0	1	1	1	0	-0.63890542982368	-1	Loss_3p25.3	p26.3-p21.31	492586035	539615995
R4d1.1	3	47168145	86390628	718	39222483	0.00466	0.0146	0.30389	1	1	0	1	1	1	0	-0.71837889349796	-1	NA	p21.31-p12.1	539618139	578840622
R4d1.1	3	86465423	90429560	54	3964137	0.01701	0.00148	0.47913	2	2	0	1	1	1	0	-0.0615109464218281	0	NA	p12.1-p11.1	578915417	582879554
R4d1.1	3	93580643	195506496	1722	101925853	0.00301	0.03793	0.48217	2	2	0	1	1	1	0	-0.0523862037927099	0	NA	q11.1-q29	586030637	687956490
R4d1.1	3	195506546	195510811	80	4265	0.01398	0	0.66319	3	3	0	1	1	1	0	0.407494158238253	1	NA	q29	687956540	687960805
R4d1.1	3	195510861	195513521	22	2660	0.02665	0	0.91257	4	4	1	0.37	0.11751	0.61506	0	0.868007132244187	2	NA	q29	687960855	687963515
R4d1.1	3	195513570	197886222	131	2372652	0.01092	0.00088	0.5316	2	2	1	0.26	0.08699	0.41653	0	0.088413009726725	0	NA	q29	687963564	690336216
R4d1.1	4	88952	49263653	786	49174701	0.00446	0.0183	0.49758	2	2	0	1	1	1	0	-0.00699959671927819	0	NA	p16.3-p11	690561376	739736077
R4d1.1	4	52735275	95816491	760	43081216	0.00453	0.01603	0.47857	2	2	0	1	1	1	0	-0.0631981330459826	0	NA	q12-q22.3	743207699	786288915
R4d1.1	4	95891634	106197646	266	10306012	0.00766	0.00384	0.51584	2	2	0	1	1	1	0	0.0449955540911555	0	NA	q22.3-q24	786364058	796670070
R4d1.1	4	106275451	190818701	1319	84543250	0.00344	0.03146	0.48528	2	2	0	1	1	1	0	-0.0431106918126409	0	NA	q24-q35.2	796747875	881291125
R4d1.1	5	85370	46330140	696	46244770	0.00474	0.01721	0.49462	2	2	0	1	1	1	0	-0.0156075184885552	0	NA	p15.33-p11	881712070	927956840
R4d1.1	5	49630765	60263012	143	10632247	0.01045	0.00396	0.4949	2	2	0	1	1	1	0	-0.0147910526824464	0	NA	q11.1-q12.1	931257465	941889712
R4d1.1	5	60337887	180847297	2051	120509410	0.00276	0.04484	0.66702	3	3	0	1	1	1	0	0.415801925095563	1	Gain_5q35.3	q12.1-q35.3	941964587	1062473997
R4d1.1	6	135217	12841172	345	12705955	0.00673	0.00473	0.5195	2	2	0	1	1	1	0	0.0551956542421246	0	NA	p25.3-p24.1	1062677177	1075383132
R4d1.1	6	12916279	58539101	722	45622822	0.00465	0.01698	0.47237	2	2	0	1	1	1	0	-0.0820107521369894	0	NA	p24.1-p11.2	1075458239	1121081061
R4d1.1	6	61942522	170982159	1683	109039637	0.00305	0.04058	0.49373	2	2	0	1	1	1	0	-0.0182057861739888	0	NA	q11.1-q27	1124484482	1233524119
R4d1.1	7	121242	57102776	964	56981534	0.00403	0.0212	0.49841	2	2	0	1	1	1	0	-0.00459508028612529	0	NA	p22.3-p11.2	1233778269	1290759803
R4d1.1	7	57175933	57980673	12	804740	0.03608	3e-04	0.70819	3	3	0	1	1	1	0	0.502208377403644	1	NA	p11.2	1290832960	1291637700
R4d1.1	7	61118627	80688771	252	19570144	0.00787	0.00728	0.45398	2	2	0	1	1	1	0	-0.139299353618716	0	NA	q11.1-q21.11	1294775654	1314345798
R4d1.1	7	80763740	159053835	1657	78290095	0.00307	0.02913	0.49703	2	2	0	1	1	1	0	-0.00859516152029151	0	NA	q21.11-q36.3	1314420767	1392710862
R4d1.1	8	85136	43616065	743	43530929	0.00459	0.0162	0.4817	2	2	0	1	1	1	0	-0.053793170962472	0	NA	p23.3-p11.1	1392880826	1436411755
R4d1.1	8	47064138	146230986	1656	99166848	0.00307	0.0369	0.49927	2	2	0	1	1	1	0	-0.00210787388233426	0	NA	q11.1-q24.3	1439859828	1539026676
R4d1.1	9	85600	47238907	617	47153307	0.00503	0.01755	0.49353	2	2	0	1	1	1	0	-0.0187903110450964	0	NA	p24.3-p11.2	1539245312	1586398619
R4d1.1	9	65543125	141078492	1037	75535367	0.00388	0.02811	0.49634	2	2	0	1	1	1	0	-0.0105993688917819	0	NA	q12-q34.3	1604702837	1680238204
R4d1.1	10	134766	38940611	816	38805845	0.00438	0.01444	0.47728	2	2	0	1	1	1	0	-0.0670922121015993	0	NA	p15.3-p11.1	1680507909	1719313754
R4d1.1	10	42840919	104077660	1096	61236741	0.00378	0.02279	0.48768	2	2	0	1	1	1	0	-0.0359932869434897	0	NA	q11.21-q24.32	1723214062	1784450803
R4d1.1	10	104152800	135449405	489	31296605	0.00565	0.01165	0.66319	3	3	0	1	1	1	0	0.407494158238253	1	NA	q24.32-q26.3	1784525943	1815822548
R4d1.1	11	139197	51342530	988	51203333	0.00398	0.01905	0.49717	2	2	0	1	1	1	0	-0.00818885030110132	0	NA	p15.5-p11.12	1816047087	1867250420
R4d1.1	11	54993406	62287346	207	7293940	0.00869	0.00271	0.51242	2	2	0	1	1	1	0	0.0353986909751004	0	NA	q11-q12.3	1870901296	1878195236
R4d1.1	11	62287395	62299711	248	12316	0.00794	0	0.55352	2	2	1	0.38	0.22172	0.52171	0	0.146707351079775	0	NA	q12.3	1878195285	1878207601
R4d1.1	11	62299760	108128299	706	45828539	0.0047	0.01705	0.48444	2	2	0	1	1	1	0	-0.0456101022351456	0	NA	q12.3-q22.3	1878207650	1924036189
R4d1.1	11	108129702	134870991	548	26741289	0.00534	0.00995	0.51267	2	2	0	1	1	1	0	0.0361023828799534	0	NA	q22.3-q25	1924037592	1950778881
R4d1.1	12	77870	34781321	493	34703451	0.00563	0.01291	0.47652	2	2	0	1	1	1	0	-0.0693913281911873	0	NA	p13.33-p11.1	1950992276	1985695727
R4d1.1	12	37933893	49432196	524	11498303	0.00546	0.00428	0.48737	2	2	0	1	1	1	0	-0.0369106460076291	0	NA	q11-q13.12	1988848299	2000346602
R4d1.1	12	49432247	51790443	251	2358196	0.00789	0.00088	0.44572	2	2	0	0.22	0.0707	0.36615	0	-0.165790396998376	0	NA	q13.12-q13.13	2000346653	2002704849
R4d1.1	12	51865952	133767545	1345	81901593	0.00341	0.03048	0.48879	2	2	0	1	1	1	0	-0.0327133250702986	0	NA	q13.13-q24.33	2002780358	2084681951
R4d1.1	13	19095534	115017146	1336	95921612	0.00342	0.03569	0.49431	2	2	0	1	1	1	0	-0.0165120020765231	0	NA	q11-q34	2103861835	2199783447
R4d1.1	14	19075755	107216558	2054	88140803	0.00276	0.0328	0.48485	2	2	0	1	1	1	0	-0.044389610943495	0	NA	q11.1-q32.33	2219011934	2307152737
R4d1.1	15	20074969	22718998	15	2644029	0.03227	0.00098	0.65347	3	3	0	1	1	1	0	0.386192910307491	1	NA	q11.1-q11.2	2327360688	2330004717
R4d1.1	15	22791303	102445742	1481	79654439	0.00325	0.02964	0.4951	2	2	0	1	1	1	0	-0.0142081455872887	0	NA	q11.2-q26.3	2330077022	2409731461
R4d1.1	16	133256	31998830	592	31865574	0.00514	0.01186	0.48267	2	2	0	1	1	1	0	-0.0508909349708996	0	NA	p13.3-p11.2	2409950367	2441815941
R4d1.1	16	32073786	35205897	31	3132111	0.02245	0.00117	0.67385	3	3	0	1	1	1	0	0.430499386222592	1	NA	p11.2-p11.1	2441890897	2445023008
R4d1.1	16	46611314	64762431	237	18151117	0.00812	0.00675	0.48707	2	2	0	1	1	1	0	-0.037798968584578	0	NA	q11.2-q21	2456428425	2474579542
R4d1.1	16	64837435	66562541	24	1725106	0.02552	0.00064	0.70833	3	3	0	1	1	1	0	0.502493551360075	1	NA	q21	2474654546	2476379652
R4d1.1	16	66637545	70612790	54	3975245	0.01701	0.00148	0.52087	2	2	0	1	1	1	0	0.0589952512095013	0	NA	q21-q22.1	2476454656	2480429901
R4d1.1	16	70687794	82313509	150	11625715	0.01021	0.00433	0.6495	3	3	0	1	1	1	0	0.377401430785794	1	NA	q22.1-q23.3	2480504905	2492130620
R4d1.1	16	82388514	90216989	103	7828475	0.01232	0.00291	0.47438	2	2	0	1	1	1	0	-0.0758849081675555	0	NA	q23.3-q24.3	2492205625	2500034100
R4d1.1	17	74406	21038365	487	20963959	0.00566	0.0078	0.4682	2	2	0	1	1	1	0	-0.0948031604374366	0	NA	p13.3-p11.2	2500246270	2521210229
R4d1.1	17	21113756	22039232	11	925476	0.03769	0.00034	0.63901	3	3	0	1	1	1	0	0.353910413495429	1	NA	p11.2	2521285620	2522211096
R4d1.1	17	25486271	81122952	1305	55636681	0.00346	0.0207	0.48535	2	2	0	1	1	1	0	-0.0429026029362672	0	NA	q11.1-q25.3	2525658135	2581294816
R4d1.1	18	85256	15335642	199	15250386	0.00886	0.00567	0.51189	2	2	0	1	1	1	0	0.0339057280246109	0	NA	p11.32-p11.21	2581452330	2596702716
R4d1.1	18	18736044	57527541	513	38791497	0.00552	0.01444	0.48805	2	2	0	1	1	1	0	-0.0348991375564365	0	NA	q11.1-q21.32	2600103118	2638894615
R4d1.1	18	57602440	77941934	270	20339494	0.00761	0.00757	0.52899	2	2	1	0.24	0.0893	0.38403	0	0.0813123550761896	0	NA	q21.32-q23	2638969514	2659309008
R4d1.1	19	132118	24556146	623	24424028	0.00501	0.00909	0.47398	2	2	0	1	1	1	0	-0.0771019102565853	0	NA	p13.3-p11	2659576440	2684000468
R4d1.1	19	27960972	36174992	190	8214020	0.00907	0.00306	0.51556	2	2	0	1	1	1	0	0.0442122408831421	0	NA	q11-q13.12	2687405294	2695619314
R4d1.1	19	36249287	51169883	827	14920596	0.00435	0.00555	0.46054	2	2	0	1	1	1	0	-0.118601628482869	0	NA	q13.12-q13.33	2695693609	2710614205
R4d1.1	19	51169933	51175377	33	5444	0.02176	0	0.3403	1	1	0	1	1	1	0	-0.555120943584441	-1	NA	q13.33	2710614255	2710619699
R4d1.1	19	51182432	59043631	249	7861199	0.00792	0.00293	0.47678	2	2	0	1	1	1	0	-0.0686043760881101	0	NA	q13.33-q13.43	2710626754	2718487953
R4d1.1	20	135524	26244045	343	26108521	0.00675	0.00972	0.50923	2	2	0	1	1	1	0	0.0263893195921099	0	NA	p13-p11.1	2718708829	2744817350
R4d1.1	20	29478404	62935280	519	33456876	0.00549	0.01245	0.49008	2	2	0	1	1	1	0	-0.028910822837854	0	NA	q11.21-q13.33	2748051709	2781508585
R4d1.1	21	14413541	48044695	444	33631154	0.00593	0.01251	0.47953	2	2	0	1	1	1	0	-0.0603070200040267	0	NA	q11.2-q22.3	2796012366	2829643520
R4d1.1	22	16131356	51036869	510	34905513	0.00554	0.01299	0.48586	2	2	0	1	1	1	0	-0.0413874320906558	0	NA	q11.1-q13.33	2845860076	2880765589
R5d1.1	1	93709	53469331	1281	53375622	0.00349	0.01986	0.48146	2	2	0	1	1	1	0	-0.0545121518524168	0	NA	p36.33-p32.3	93709	53469331
R5d1.1	1	53544221	121286065	926	67741844	0.00411	0.02521	0.50617	2	2	0	1	1	1	0	0.017693908543456	0	NA	p32.3-p11.2	53544221	121286065
R5d1.1	1	142633228	145203136	15	2569908	0.03227	0.00096	0.60836	3	3	0	1	1	1	0	0.282997203311876	1	NA	q21.1	142633228	145203136
R5d1.1	1	145281518	205847197	892	60565679	0.00419	0.02254	0.48808	2	2	0	1	1	1	0	-0.0348104590991812	0	NA	q21.1-q32.1	145281518	205847197
R5d1.1	1	206137835	212247789	267	6109954	0.00765	0.00227	0.37	1	1	0	1	1	1	0	-0.434402824145775	-1	NA	q32.1-q32.3	206137835	212247789
R5d1.1	1	212322949	216907740	62	4584791	0.01588	0.00171	0.51334	2	2	0	1	1	1	0	0.0379865863765896	0	NA	q32.3-q41	212322949	216907740
R5d1.1	1	216982900	240370819	369	23387919	0.00651	0.0087	0.35976	1	1	0	1	1	1	0	-0.474893305767796	-1	NA	q41-q43	216982900	240370819
R5d1.1	1	240370868	240371803	20	935	0.02795	0	0.24579	0	0	1	0.84	0.46974	0.98668	1	-1.02450187422921	-2	NA	q43	240370868	240371803
R5d1.1	1	240371852	249149416	171	8777564	0.00956	0.00327	0.35879	1	1	0	1	1	1	0	-0.47878841408241	-1	NA	q43-q44	240371852	249149416
R5d1.1	2	86985	92106651	1467	92019666	0.00326	0.03424	0.49053	2	2	0	1	1	1	0	-0.0275867229123545	0	NA	p25.3-p11.1	249337606	341357272
R5d1.1	2	95399733	243170925	2540	147771192	0.00248	0.05499	0.49675	2	2	0	1	1	1	0	-0.00940812741241684	0	NA	q11.1-q37.3	344650354	492421546
R5d1.1	3	136041	47166001	871	47029960	0.00424	0.0175	0.35938	1	1	0	1	1	1	0	-0.476417971803789	-1	Loss_3p25.3	p26.3-p21.31	492586035	539615995
R5d1.1	3	47168145	86390628	718	39222483	0.00466	0.0146	0.34484	1	1	0	1	1	1	0	-0.536000964153582	-1	NA	p21.31-p12.1	539618139	578840622
R5d1.1	3	86465423	90429560	54	3964137	0.01701	0.00148	0.49063	2	2	0	1	1	1	0	-0.0272926434460321	0	NA	p12.1-p11.1	578915417	582879554
R5d1.1	3	93580643	195506496	1722	101925853	0.00301	0.03793	0.4868	2	2	0	1	1	1	0	-0.038598926835721	0	NA	q11.1-q29	586030637	687956490
R5d1.1	3	195506546	195510811	80	4265	0.01398	0	0.56577	3	2.99883	1	0.58	0.32272	0.82027	0	0.178287584853711	1	NA	q29	687956540	687960805
R5d1.1	3	195510861	195513521	22	2660	0.02665	0	0.79251	4	4	1	0.29	0.04131	0.63403	0	0.664501044603658	2	NA	q29	687960855	687963515
R5d1.1	3	195513570	197886222	131	2372652	0.01092	0.00088	0.49107	2	2	0	1	1	1	0	-0.0259994054700772	0	NA	q29	687963564	690336216
R5d1.1	4	88952	49263653	786	49174701	0.00446	0.0183	0.49483	2	2	0	1	1	1	0	-0.0149951258196265	0	NA	p16.3-p11	690561376	739736077
R5d1.1	4	52735275	95816491	760	43081216	0.00453	0.01603	0.47953	2	2	0	1	1	1	0	-0.0603070200040267	0	NA	q12-q22.3	743207699	786288915
R5d1.1	4	95891634	106197646	266	10306012	0.00766	0.00384	0.53241	2	2	1	0.32	0.11958	0.52215	0	0.0906095740613922	0	NA	q22.3-q24	786364058	796670070
R5d1.1	4	106275451	190818701	1319	84543250	0.00344	0.03146	0.48724	2	2	0	1	1	1	0	-0.0372955186365327	0	NA	q24-q35.2	796747875	881291125
R5d1.1	5	85370	46330140	696	46244770	0.00474	0.01721	0.49339	2	2	0	1	1	1	0	-0.0191996194127033	0	NA	p15.33-p11	881712070	927956840
R5d1.1	5	49630765	60263012	143	10632247	0.01045	0.00396	0.49298	2	2	0	1	1	1	0	-0.0203989766535578	0	NA	q11.1-q12.1	931257465	941889712
R5d1.1	5	60337887	180847297	2051	120509410	0.00276	0.04484	0.62425	3	3	0	1	1	1	0	0.320195821266125	1	Gain_5q35.3	q12.1-q35.3	941964587	1062473997
R5d1.1	6	135217	12841172	345	12705955	0.00673	0.00473	0.51965	2	2	0	1	1	1	0	0.0556121566866925	0	NA	p25.3-p24.1	1062677177	1075383132
R5d1.1	6	12916279	58539101	722	45622822	0.00465	0.01698	0.47864	2	2	0	1	1	1	0	-0.0629871267818561	0	NA	p24.1-p11.2	1075458239	1121081061
R5d1.1	6	61942522	170982159	1683	109039637	0.00305	0.04058	0.49772	2	2	0	1	1	1	0	-0.00659373455298362	0	NA	q11.1-q27	1124484482	1233524119
R5d1.1	7	121242	57102776	964	56981534	0.00403	0.0212	0.49658	2	2	0	1	1	1	0	-0.00990193744401886	0	NA	p22.3-p11.2	1233778269	1290759803
R5d1.1	7	57175933	57980673	12	804740	0.03608	3e-04	0.60094	3	2.99999	0	1	1	1	0	0.265292859404132	1	NA	p11.2	1290832960	1291637700
R5d1.1	7	61118627	80688771	252	19570144	0.00787	0.00728	0.44807	2	2	0	0.31	0.10758	0.51222	0	-0.158203959113533	0	NA	q11.1-q21.11	1294775654	1314345798
R5d1.1	7	80763740	159053835	1657	78290095	0.00307	0.02913	0.49875	2	2	0	1	1	1	0	-0.00361125355237884	0	NA	q21.11-q36.3	1314420767	1392710862
R5d1.1	8	85136	43616065	743	43530929	0.00459	0.0162	0.48454	2	2	0	1	1	1	0	-0.0453123262137599	0	NA	p23.3-p11.1	1392880826	1436411755
R5d1.1	8	47064138	146230986	1656	99166848	0.00307	0.0369	0.49817	2	2	0	1	1	1	0	-0.00528995037484275	0	NA	q11.1-q24.3	1439859828	1539026676
R5d1.1	9	85600	47238907	617	47153307	0.00503	0.01755	0.47784	2	2	0	1	1	1	0	-0.065400467995153	0	NA	p24.3-p11.2	1539245312	1586398619
R5d1.1	9	65543125	141078492	1037	75535367	0.00388	0.02811	0.48974	2	2	0	1	1	1	0	-0.0299120604806661	0	NA	q12-q34.3	1604702837	1680238204
R5d1.1	10	134766	38940611	816	38805845	0.00438	0.01444	0.47668	2	2	0	1	1	1	0	-0.0689069991758492	0	NA	p15.3-p11.1	1680507909	1719313754
R5d1.1	10	42840919	104077660	1096	61236741	0.00378	0.02279	0.4908	2	2	0	1	1	1	0	-0.0267928458865443	0	NA	q11.21-q24.32	1723214062	1784450803
R5d1.1	10	104152800	135449405	489	31296605	0.00565	0.01165	0.62037	3	3	0	1	1	1	0	0.311200826983575	1	NA	q24.32-q26.3	1784525943	1815822548
R5d1.1	11	139197	51342530	988	51203333	0.00398	0.01905	0.49281	2	2	0	1	1	1	0	-0.0208965636840254	0	NA	p15.5-p11.12	1816047087	1867250420
R5d1.1	11	54993406	62287346	207	7293940	0.00869	0.00271	0.5093	2	2	0	1	1	1	0	0.0265876223480842	0	NA	q11-q12.3	1870901296	1878195236
R5d1.1	11	62287395	62299711	248	12316	0.00794	0	0.55271	2	2.00269	1	0.48	0.26877	0.67768	0	0.14459462010708	0	NA	q12.3	1878195285	1878207601
R5d1.1	11	62299760	108128299	706	45828539	0.0047	0.01705	0.48485	2	2	0	1	1	1	0	-0.044389610943495	0	NA	q12.3-q22.3	1878207650	1924036189
R5d1.1	11	108129702	134870991	548	26741289	0.00534	0.00995	0.51495	2	2	0	1	1	1	0	0.0425042631289634	0	NA	q22.3-q25	1924037592	1950778881
R5d1.1	12	77870	34781321	493	34703451	0.00563	0.01291	0.48522	2	2	0	1	1	1	0	-0.0432890775984496	0	NA	p13.33-p11.1	1950992276	1985695727
R5d1.1	12	37933893	49432196	524	11498303	0.00546	0.00428	0.49717	2	2	0	1	1	1	0	-0.00818885030110132	0	NA	q11-q13.12	1988848299	2000346602
R5d1.1	12	49432247	51790443	251	2358196	0.00789	0.00088	0.45812	2	2	0	1	1	1	0	-0.126202547375306	0	NA	q13.12-q13.13	2000346653	2002704849
R5d1.1	12	51865952	133767545	1345	81901593	0.00341	0.03048	0.48957	2	2	0	1	1	1	0	-0.0304129399966818	0	NA	q13.13-q24.33	2002780358	2084681951
R5d1.1	13	19095534	115017146	1336	95921612	0.00342	0.03569	0.49073	2	2	0	1	1	1	0	-0.0269986239127554	0	NA	q11-q34	2103861835	2199783447
R5d1.1	14	19075755	107216558	2054	88140803	0.00276	0.0328	0.48781	2	2	0	1	1	1	0	-0.03560876151232	0	NA	q11.1-q32.33	2219011934	2307152737
R5d1.1	15	20074969	22718998	15	2644029	0.03227	0.00098	0.64918	3	3	0	1	1	1	0	0.376690458995318	1	NA	q11.1-q11.2	2327360688	2330004717
R5d1.1	15	22791303	102445742	1481	79654439	0.00325	0.02964	0.49097	2	2	0	1	1	1	0	-0.0262932214135979	0	NA	q11.2-q26.3	2330077022	2409731461
R5d1.1	16	133256	31998830	592	31865574	0.00514	0.01186	0.47602	2	2	0	1	1	1	0	-0.0709059051888906	0	NA	p13.3-p11.2	2409950367	2441815941
R5d1.1	16	32073786	35205897	31	3132111	0.02245	0.00117	0.64977	3	3	0	1	1	1	0	0.378001040823195	1	NA	p11.2-p11.1	2441890897	2445023008
R5d1.1	16	46611314	64762431	237	18151117	0.00812	0.00675	0.48957	2	2	0	1	1	1	0	-0.0304129399966818	0	NA	q11.2-q21	2456428425	2474579542
R5d1.1	16	64837435	66562541	24	1725106	0.02552	0.00064	0.67096	3	3.00001	0	0.37	0.0736	0.70317	0	0.424298666289575	1	NA	q21	2474654546	2476379652
R5d1.1	16	66637545	70612790	54	3975245	0.01701	0.00148	0.50909	2	2	0	1	1	1	0	0.0259926322895	0	NA	q21-q22.1	2476454656	2480429901
R5d1.1	16	70687794	82313509	150	11625715	0.01021	0.00433	0.60003	3	3	0	1	1	1	0	0.263106538782529	1	NA	q22.1-q23.3	2480504905	2492130620
R5d1.1	16	82388514	90216989	103	7828475	0.01232	0.00291	0.45695	2	2	0	1	1	1	0	-0.129891782335822	0	NA	q23.3-q24.3	2492205625	2500034100
R5d1.1	17	74406	21038365	487	20963959	0.00566	0.0078	0.47382	2	2	0	1	1	1	0	-0.0775889986902948	0	NA	p13.3-p11.2	2500246270	2521210229
R5d1.1	17	21113756	22039232	11	925476	0.03769	0.00034	0.64372	3	3	0	1	1	1	0	0.364505198338972	1	NA	p11.2	2521285620	2522211096
R5d1.1	17	25486271	81122952	1305	55636681	0.00346	0.0207	0.48528	2	2	0	1	1	1	0	-0.0431106918126409	0	NA	q11.1-q25.3	2525658135	2581294816
R5d1.1	18	85256	15335642	199	15250386	0.00886	0.00567	0.48903	2	2	0	1	1	1	0	-0.032005123526525	0	NA	p11.32-p11.21	2581452330	2596702716
R5d1.1	18	18736044	57527541	513	38791497	0.00552	0.01444	0.50108	2	2	0	1	1	1	0	0.0031128606078385	0	NA	q11.1-q21.32	2600103118	2638894615
R5d1.1	18	57602440	77941934	270	20339494	0.00761	0.00757	0.5291	2	2	0	0.3	0.09724	0.49681	0	0.0816123228578898	0	NA	q21.32-q23	2638969514	2659309008
R5d1.1	19	132118	24556146	623	24424028	0.00501	0.00909	0.4697	2	2	0	1	1	1	0	-0.0901885012916617	0	NA	p13.3-p11	2659576440	2684000468
R5d1.1	19	27960972	36174992	190	8214020	0.00907	0.00306	0.5152	2	2	0	1	1	1	0	0.0432044985651676	0	NA	q11-q13.12	2687405294	2695619314
R5d1.1	19	36249287	51169883	827	14920596	0.00435	0.00555	0.45452	2	2	0	1	1	1	0	-0.137584316934455	0	NA	q13.12-q13.33	2695693609	2710614205
R5d1.1	19	51169933	51175377	33	5444	0.02176	0	0.39246	1	1	0	1	1	1	0	-0.349382474621595	-1	NA	q13.33	2710614255	2710619699
R5d1.1	19	51182432	59043631	249	7861199	0.00792	0.00293	0.48003	2	2	0	1	1	1	0	-0.0588035234311593	0	NA	q13.33-q13.43	2710626754	2718487953
R5d1.1	20	135524	26244045	343	26108521	0.00675	0.00972	0.50709	2	2	0	1	1	1	0	0.0203137293246	0	NA	p13-p11.1	2718708829	2744817350
R5d1.1	20	29478404	62935280	519	33456876	0.00549	0.01245	0.48957	2	2	0	1	1	1	0	-0.0304129399966818	0	NA	q11.21-q13.33	2748051709	2781508585
R5d1.1	21	14413541	48044695	444	33631154	0.00593	0.01251	0.47734	2	2	0	1	1	1	0	-0.066910858887614	0	NA	q11.2-q22.3	2796012366	2829643520
R5d1.1	22	16131356	51036869	510	34905513	0.00554	0.01299	0.48063	2	2	0	1	1	1	0	-0.0570013933599809	0	NA	q11.1-q13.33	2845860076	2880765589
R3d2.1	1	93709	53469331	1281	53375622	0.00349	0.01986	0.48849	2	2	0	1	1	1	0	-0.0335990661595703	0	NA	p36.33-p32.3	93709	53469331
R3d2.1	1	53544221	121286065	926	67741844	0.00411	0.02521	0.50108	2	2	0	1	1	1	0	0.0031128606078385	0	NA	p32.3-p11.2	53544221	121286065
R3d2.1	1	142633228	145203136	15	2569908	0.03227	0.00096	0.61107	3	3.00005	0	1	1	1	0	0.28940955990027	1	NA	q21.1	142633228	145203136
R3d2.1	1	145281518	205847197	892	60565679	0.00419	0.02254	0.49291	2	2	0	1	1	1	0	-0.0206038446470091	0	NA	q21.1-q32.1	145281518	205847197
R3d2.1	1	206137835	212247789	267	6109954	0.00765	0.00227	0.42528	1	1.00001	0	0.67	0.39154	0.92142	0	-0.233515085160637	-1	NA	q32.1-q32.3	206137835	212247789
R3d2.1	1	212322949	216907740	62	4584791	0.01588	0.00171	0.51688	2	2	0	1	1	1	0	0.0479012852665666	0	NA	q32.3-q41	212322949	216907740
R3d2.1	1	216982900	240370819	369	23387919	0.00651	0.0087	0.40464	1	1	0	1	1	1	0	-0.305289152773573	-1	NA	q41-q43	216982900	240370819
R3d2.1	1	240370868	240371803	20	935	0.02795	0	0.26678	0	0	1	NA	0.01	1	1	-0.906277580472632	-2	NA	q43	240370868	240371803
R3d2.1	1	240371852	249149416	171	8777564	0.00956	0.00327	0.40131	1	1	0	1	1	1	0	-0.317210988680595	-1	NA	q43-q44	240371852	249149416
R3d2.1	2	86985	92106651	1467	92019666	0.00326	0.03424	0.49291	2	2	0	1	1	1	0	-0.0206038446470091	0	NA	p25.3-p11.1	249337606	341357272
R3d2.1	2	95399733	243170925	2540	147771192	0.00248	0.05499	0.4924	2	2	0	1	1	1	0	-0.022097333064992	0	NA	q11.1-q37.3	344650354	492421546
R3d2.1	3	136041	47166001	871	47029960	0.00424	0.0175	0.40343	1	1	0	1	1	1	0	-0.309609724764068	-1	Loss_3p25.3	p26.3-p21.31	492586035	539615995
R3d2.1	3	47168145	86390628	718	39222483	0.00466	0.0146	0.38829	1	1	0	1	1	1	0	-0.364793542253856	-1	NA	p21.31-p12.1	539618139	578840622
R3d2.1	3	86465423	90429560	54	3964137	0.01701	0.00148	0.51806	2	2	0	1	1	1	0	0.0511911008808652	0	NA	p12.1-p11.1	578915417	582879554
R3d2.1	3	93580643	195506496	1722	101925853	0.00301	0.03793	0.48639	2	2	0	1	1	1	0	-0.039814527081839	0	NA	q11.1-q29	586030637	687956490
R3d2.1	3	195506546	195510811	80	4265	0.01398	0	0.71832	4	4	1	0.32	0.05114	0.65523	0	0.522698589782445	2	NA	q29	687956540	687960805
R3d2.1	3	195510861	195513521	22	2660	0.02665	0	0.99447	7	7	1	0.14	0.02178	0.63233	0	0.991999755302835	5	NA	q29	687960855	687963515
R3d2.1	3	195513570	197886222	131	2372652	0.01092	0.00088	0.55455	3	2.99984	0	0.65	0.33796	0.92515	0	0.14938944935895	1	NA	q29	687963564	690336216
R3d2.1	4	88952	49263653	786	49174701	0.00446	0.0183	0.48754	2	2	0	1	1	1	0	-0.0364075059035438	0	NA	p16.3-p11	690561376	739736077
R3d2.1	4	52735275	95816491	760	43081216	0.00453	0.01603	0.47441	2	2	0	1	1	1	0	-0.0757936743829645	0	NA	q12-q22.3	743207699	786288915
R3d2.1	4	95891634	106197646	266	10306012	0.00766	0.00384	0.51745	2	2	0	1	1	1	0	0.0494913701651037	0	NA	q22.3-q24	786364058	796670070
R3d2.1	4	106275451	190818701	1319	84543250	0.00344	0.03146	0.48724	2	2	0	1	1	1	0	-0.0372955186365327	0	NA	q24-q35.2	796747875	881291125
R3d2.1	5	85370	46330140	696	46244770	0.00474	0.01721	0.48623	2	2	0	1	1	1	0	-0.0402891856507034	0	NA	p15.33-p11	881712070	927956840
R3d2.1	5	49630765	60263012	143	10632247	0.01045	0.00396	0.49029	2	2	0	1	1	1	0	-0.028292758304626	0	NA	q11.1-q12.1	931257465	941889712
R3d2.1	5	60337887	180847297	2051	120509410	0.00276	0.04484	0.58634	3	3	0	1	1	1	0	0.229809385577509	1	Gain_5q35.3	q12.1-q35.3	941964587	1062473997
R3d2.1	6	135217	12841172	345	12705955	0.00673	0.00473	0.51831	2	2	0	1	1	1	0	0.0518871337016112	0	NA	p25.3-p24.1	1062677177	1075383132
R3d2.1	6	12916279	58539101	722	45622822	0.00465	0.01698	0.4725	2	2	0	1	1	1	0	-0.0816137655536521	0	NA	p24.1-p11.2	1075458239	1121081061
R3d2.1	6	61942522	170982159	1683	109039637	0.00305	0.04058	0.49431	2	2	0	1	1	1	0	-0.0165120020765231	0	NA	q11.1-q27	1124484482	1233524119
R3d2.1	7	121242	57102776	964	56981534	0.00403	0.0212	0.50878	2	2	0	1	1	1	0	0.0251138649095724	0	NA	p22.3-p11.2	1233778269	1290759803
R3d2.1	7	57175933	57980673	12	804740	0.03608	3e-04	0.71494	4	4.00211	0	1	1	1	0	0.5158940766056	2	NA	p11.2	1290832960	1291637700
R3d2.1	7	61118627	80688771	252	19570144	0.00787	0.00728	0.46144	2	2	0	1	1	1	0	-0.115785025195989	0	NA	q11.1-q21.11	1294775654	1314345798
R3d2.1	7	80763740	159053835	1657	78290095	0.00307	0.02913	0.50754	2	2	0	1	1	1	0	0.0215934328834682	0	NA	q21.11-q36.3	1314420767	1392710862
R3d2.1	8	85136	43616065	743	43530929	0.00459	0.0162	0.4784	2	2	0	1	1	1	0	-0.0637107053513444	0	NA	p23.3-p11.1	1392880826	1436411755
R3d2.1	8	47064138	146230986	1656	99166848	0.00307	0.0369	0.49952	2	2	0	1	1	1	0	-0.00138565245890284	0	NA	q11.1-q24.3	1439859828	1539026676
R3d2.1	9	85600	47238907	617	47153307	0.00503	0.01755	0.47724	2	2	0	1	1	1	0	-0.0672131269104442	0	NA	p24.3-p11.2	1539245312	1586398619
R3d2.1	9	65543125	141078492	1037	75535367	0.00388	0.02811	0.49349	2	2	0	1	1	1	0	-0.0189072444439479	0	NA	q12-q34.3	1604702837	1680238204
R3d2.1	10	134766	38940611	816	38805845	0.00438	0.01444	0.4804	2	2	0	1	1	1	0	-0.0576919438438153	0	NA	p15.3-p11.1	1680507909	1719313754
R3d2.1	10	42840919	104077660	1096	61236741	0.00378	0.02279	0.49668	2	2	0	1	1	1	0	-0.00961144048536488	0	NA	q11.21-q24.32	1723214062	1784450803
R3d2.1	10	104152800	135449405	489	31296605	0.00565	0.01165	0.57523	3	3	0	1	1	1	0	0.202210823801171	1	NA	q24.32-q26.3	1784525943	1815822548
R3d2.1	11	139197	51342530	988	51203333	0.00398	0.01905	0.50139	2	2	0	1	1	1	0	0.00400512766207764	0	NA	p15.5-p11.12	1816047087	1867250420
R3d2.1	11	54993406	62287346	207	7293940	0.00869	0.00271	0.51979	2	2	0	1	1	1	0	0.0560007838454431	0	NA	q11-q12.3	1870901296	1878195236
R3d2.1	11	62287395	62299711	248	12316	0.00794	0	0.59304	3	3	0	1	1	1	0	0.246201321613129	1	NA	q12.3	1878195285	1878207601
R3d2.1	11	62299760	108128299	706	45828539	0.0047	0.01705	0.48401	2	2	0	1	1	1	0	-0.0468912399466409	0	NA	q12.3-q22.3	1878207650	1924036189
R3d2.1	11	108129702	134870991	548	26741289	0.00534	0.00995	0.50994	2	2	0	1	1	1	0	0.028399413383599	0	NA	q22.3-q25	1924037592	1950778881
R3d2.1	12	77870	34781321	493	34703451	0.00563	0.01291	0.4789	2	2	0	1	1	1	0	-0.0622036593134483	0	NA	p13.33-p11.1	1950992276	1985695727
R3d2.1	12	37933893	49432196	524	11498303	0.00546	0.00428	0.482	2	2	0	1	1	1	0	-0.0528949484321255	0	NA	q11-q13.12	1988848299	2000346602
R3d2.1	12	49432247	51790443	251	2358196	0.00789	0.00088	0.45774	2	2	0	1	1	1	0	-0.127399726304393	0	NA	q13.12-q13.13	2000346653	2002704849
R3d2.1	12	51865952	133767545	1345	81901593	0.00341	0.03048	0.47526	2	2	0	1	1	1	0	-0.07321111178286	0	NA	q13.13-q24.33	2002780358	2084681951
R3d2.1	13	19095534	115017146	1336	95921612	0.00342	0.03569	0.49407	2	2	0	1	1	1	0	-0.0172126370886005	0	NA	q11-q34	2103861835	2199783447
R3d2.1	14	19075755	107216558	2054	88140803	0.00276	0.0328	0.48417	2	2	0	1	1	1	0	-0.0464144046295643	0	NA	q11.1-q32.33	2219011934	2307152737
R3d2.1	15	20074969	22718998	15	2644029	0.03227	0.00098	0.67614	4	3.99966	0	1	1	1	0	0.435393903681934	2	NA	q11.1-q11.2	2327360688	2330004717
R3d2.1	15	22791303	102445742	1481	79654439	0.00325	0.02964	0.49503	2	2	0	1	1	1	0	-0.0144121362815014	0	NA	q11.2-q26.3	2330077022	2409731461
R3d2.1	16	133256	31998830	592	31865574	0.00514	0.01186	0.48314	2	2	0	1	1	1	0	-0.049486793943692	0	NA	p13.3-p11.2	2409950367	2441815941
R3d2.1	16	32073786	35205897	31	3132111	0.02245	0.00117	0.68496	4	4	0	1	1	1	0	0.454091645760108	2	NA	p11.2-p11.1	2441890897	2445023008
R3d2.1	16	46611314	64762431	237	18151117	0.00812	0.00675	0.49093	2	2	0	1	1	1	0	-0.0264107645476594	0	NA	q11.2-q21	2456428425	2474579542
R3d2.1	16	64837435	66562541	24	1725106	0.02552	0.00064	0.59238	3	3	0	1	1	1	0	0.24459483812985	1	NA	q21	2474654546	2476379652
R3d2.1	16	66637545	70612790	54	3975245	0.01701	0.00148	0.4805	2	2	0	1	1	1	0	-0.0573916638883367	0	NA	q21-q22.1	2476454656	2480429901
R3d2.1	16	70687794	82313509	150	11625715	0.01021	0.00433	0.5473	3	2.96436	1	0.58	0.27189	0.86323	0	0.130403761658039	1	NA	q22.1-q23.3	2480504905	2492130620
R3d2.1	16	82388514	90216989	103	7828475	0.01232	0.00291	0.47451	2	2	0	1	1	1	0	-0.0754896034294111	0	NA	q23.3-q24.3	2492205625	2500034100
R3d2.1	17	74406	21038365	487	20963959	0.00566	0.0078	0.46966	2	2	0	1	1	1	0	-0.0903113675019973	0	NA	p13.3-p11.2	2500246270	2521210229
R3d2.1	17	21113756	22039232	11	925476	0.03769	0.00034	0.59054	3	2.99977	0	1	1	1	0	0.240106688439022	1	NA	p11.2	2521285620	2522211096
R3d2.1	17	25486271	81122952	1305	55636681	0.00346	0.0207	0.48227	2	2	0	1	1	1	0	-0.0520870260219706	0	NA	q11.1-q25.3	2525658135	2581294816
R3d2.1	18	85256	15335642	199	15250386	0.00886	0.00567	0.51228	2	2	0	1	1	1	0	0.0350044735319829	0	NA	p11.32-p11.21	2581452330	2596702716
R3d2.1	18	18736044	57527541	513	38791497	0.00552	0.01444	0.49148	2	2	0	1	1	1	0	-0.0247953853161997	0	NA	q11.1-q21.32	2600103118	2638894615
R3d2.1	18	57602440	77941934	270	20339494	0.00761	0.00757	0.51498	2	2	0	1	1	1	0	0.0425883093286836	0	NA	q21.32-q23	2638969514	2659309008
R3d2.1	19	132118	24556146	623	24424028	0.00501	0.00909	0.47244	2	2	0	1	1	1	0	-0.0817969765566144	0	NA	p13.3-p11	2659576440	2684000468
R3d2.1	19	27960972	36174992	190	8214020	0.00907	0.00306	0.50765	2	2	0	1	1	1	0	0.0219060767336222	0	NA	q11-q13.12	2687405294	2695619314
R3d2.1	19	36249287	51169883	827	14920596	0.00435	0.00555	0.45698	2	2	0	1	1	1	0	-0.129797068624176	0	NA	q13.12-q13.33	2695693609	2710614205
R3d2.1	19	51169933	51175377	33	5444	0.02176	0	0.34236	1	0.98863	1	0.52	0.1239	0.89472	0	-0.546413942133936	-1	NA	q13.33	2710614255	2710619699
R3d2.1	19	51182432	59043631	249	7861199	0.00792	0.00293	0.4649	2	2	0	1	1	1	0	-0.105007669030485	0	NA	q13.33-q13.43	2710626754	2718487953
R3d2.1	20	135524	26244045	343	26108521	0.00675	0.00972	0.51516	2	2	0	1	1	1	0	0.0430924837321682	0	NA	p13-p11.1	2718708829	2744817350
R3d2.1	20	29478404	62935280	519	33456876	0.00549	0.01245	0.48995	2	2	0	1	1	1	0	-0.0292935669506172	0	NA	q11.21-q13.33	2748051709	2781508585
R3d2.1	21	14413541	48044695	444	33631154	0.00593	0.01251	0.48304	2	2	0	1	1	1	0	-0.0497854329231865	0	NA	q11.2-q22.3	2796012366	2829643520
R3d2.1	22	16131356	51036869	510	34905513	0.00554	0.01299	0.48815	2	2	0	1	1	1	0	-0.0346035638940855	0	NA	q11.1-q13.33	2845860076	2880765589
R2d1.1	1	93709	53469331	1281	53375622	0.00349	0.01986	0.4831	2	2	0	1	1	1	0	-0.0496062421173726	0	NA	p36.33-p32.3	93709	53469331
R2d1.1	1	53544221	121286065	926	67741844	0.00411	0.02521	0.50505	2	2	0	1	1	1	0	0.0144981269993528	0	NA	p32.3-p11.2	53544221	121286065
R2d1.1	1	142633228	145203136	15	2569908	0.03227	0.00096	0.63494	3	3	0	1	1	1	0	0.344692172915173	1	NA	q21.1	142633228	145203136
R2d1.1	1	145281518	205847197	892	60565679	0.00419	0.02254	0.48636	2	2	0	1	1	1	0	-0.0399035136688148	0	NA	q21.1-q32.1	145281518	205847197
R2d1.1	1	206137835	212247789	267	6109954	0.00765	0.00227	0.3226	1	1	0	1	1	1	0	-0.632181656393807	-1	NA	q32.1-q32.3	206137835	212247789
R2d1.1	1	212322949	216907740	62	4584791	0.01588	0.00171	0.48677	2	2	0	1	1	1	0	-0.038687838472769	0	NA	q32.3-q41	212322949	216907740
R2d1.1	1	216982900	240370819	369	23387919	0.00651	0.0087	0.30376	1	1	0	1	1	1	0	-0.718996190817723	-1	NA	q41-q43	216982900	240370819
R2d1.1	1	240370868	240371803	20	935	0.02795	0	0.22109	1	1	1	0.39	0.14726	0.63239	0	-1.17729432200221	-1	NA	q43	240370868	240371803
R2d1.1	1	240371852	249149416	171	8777564	0.00956	0.00327	0.29631	1	1	0	1	1	1	0	-0.754820779060787	-1	NA	q43-q44	240371852	249149416
R2d1.1	2	86985	92106651	1467	92019666	0.00326	0.03424	0.4937	2	2	0	1	1	1	0	-0.0182934498083526	0	NA	p25.3-p11.1	249337606	341357272
R2d1.1	2	95399733	243170925	2540	147771192	0.00248	0.05499	0.49848	2	2	0	1	1	1	0	-0.00439247287100798	0	NA	q11.1-q37.3	344650354	492421546
R2d1.1	3	136041	47166001	871	47029960	0.00424	0.0175	0.30216	1	1	0	1	1	1	0	-0.726615405996639	-1	Loss_3p25.3	p26.3-p21.31	492586035	539615995
R2d1.1	3	47168145	86390628	718	39222483	0.00466	0.0146	0.29576	1	1	0	1	1	1	0	-0.757501146249569	-1	NA	p21.31-p12.1	539618139	578840622
R2d1.1	3	86465423	90429560	54	3964137	0.01701	0.00148	0.49175	2	2	0	1	1	1	0	-0.0240030423835568	0	NA	p12.1-p11.1	578915417	582879554
R2d1.1	3	93580643	195506496	1722	101925853	0.00301	0.03793	0.48751	2	2	0	1	1	1	0	-0.036496282584207	0	NA	q11.1-q29	586030637	687956490
R2d1.1	3	195506546	195510811	80	4265	0.01398	0	0.64038	3	3	0	0.8	0.61908	0.95239	0	0.357000156203241	1	NA	q29	687956540	687960805
R2d1.1	3	195510861	195513521	22	2660	0.02665	0	0.88798	4	4	0	0.09	0.01655	0.33762	0	0.828599088190548	2	NA	q29	687960855	687963515
R2d1.1	3	195513570	197886222	131	2372652	0.01092	0.00088	0.52268	2	2	0	1	1	1	0	0.063999861707462	0	NA	q29	687963564	690336216
R2d1.1	4	88952	49263653	786	49174701	0.00446	0.0183	0.48798	2	2	0	1	1	1	0	-0.0351060751567876	0	NA	p16.3-p11	690561376	739736077
R2d1.1	4	52735275	95816491	760	43081216	0.00453	0.01603	0.48498	2	2	0	1	1	1	0	-0.0440028413932875	0	NA	q12-q22.3	743207699	786288915
R2d1.1	4	95891634	106197646	266	10306012	0.00766	0.00384	0.52373	2	2	0	1	1	1	0	0.0668951518926621	0	NA	q22.3-q24	786364058	796670070
R2d1.1	4	106275451	190818701	1319	84543250	0.00344	0.03146	0.49425	2	2	0	1	1	1	0	-0.0166871289328791	0	NA	q24-q35.2	796747875	881291125
R2d1.1	5	85370	46330140	696	46244770	0.00474	0.01721	0.49342	2	2	0	1	1	1	0	-0.019111900700408	0	NA	p15.33-p11	881712070	927956840
R2d1.1	5	49630765	60263012	143	10632247	0.01045	0.00396	0.47927	2	2	0	1	1	1	0	-0.0610894578843468	0	NA	q11.1-q12.1	931257465	941889712
R2d1.1	5	60337887	180847297	2051	120509410	0.00276	0.04484	0.68406	3	3	0	1	1	1	0	0.45219477687017	1	Gain_5q35.3	q12.1-q35.3	941964587	1062473997
R2d1.1	6	135217	12841172	345	12705955	0.00673	0.00473	0.52606	2	2	0	0.2	0.06318	0.32944	0	0.0732992612192827	0	NA	p25.3-p24.1	1062677177	1075383132
R2d1.1	6	12916279	58539101	722	45622822	0.00465	0.01698	0.47087	2	2	0	1	1	1	0	-0.0865992860956405	0	NA	p24.1-p11.2	1075458239	1121081061
R2d1.1	6	61942522	170982159	1683	109039637	0.00305	0.04058	0.50222	2	2	0	1	1	1	0	0.00639138757765197	0	NA	q11.1-q27	1124484482	1233524119
R2d1.1	7	121242	57102776	964	56981534	0.00403	0.0212	0.4911	2	2	0	1	1	1	0	-0.0259112723541398	0	NA	p22.3-p11.2	1233778269	1290759803
R2d1.1	7	57175933	57980673	12	804740	0.03608	3e-04	0.6649	3	3	0	1	1	1	0	0.411209282790363	1	NA	p11.2	1290832960	1291637700
R2d1.1	7	61118627	80688771	252	19570144	0.00787	0.00728	0.45063	2	2	0	1	1	1	0	-0.149984732910745	0	NA	q11.1-q21.11	1294775654	1314345798
R2d1.1	7	80763740	159053835	1657	78290095	0.00307	0.02913	0.49917	2	2	0	1	1	1	0	-0.00239686371561675	0	NA	q21.11-q36.3	1314420767	1392710862
R2d1.1	8	85136	43616065	743	43530929	0.00459	0.0162	0.48243	2	2	0	1	1	1	0	-0.0516084705981936	0	NA	p23.3-p11.1	1392880826	1436411755
R2d1.1	8	47064138	146230986	1656	99166848	0.00307	0.0369	0.50278	2	2	0	1	1	1	0	0.00799916729210579	0	NA	q11.1-q24.3	1439859828	1539026676
R2d1.1	9	85600	47238907	617	47153307	0.00503	0.01755	0.48886	2	2	0	1	1	1	0	-0.0325067303727385	0	NA	p24.3-p11.2	1539245312	1586398619
R2d1.1	9	65543125	141078492	1037	75535367	0.00388	0.02811	0.48663	2	2	0	1	1	1	0	-0.0391028319125001	0	NA	q12-q34.3	1604702837	1680238204
R2d1.1	10	134766	38940611	816	38805845	0.00438	0.01444	0.47642	2	2	0	1	1	1	0	-0.0696941164141991	0	NA	p15.3-p11.1	1680507909	1719313754
R2d1.1	10	42840919	104077660	1096	61236741	0.00378	0.02279	0.48656	2	2	0	1	1	1	0	-0.039310373406014	0	NA	q11.21-q24.32	1723214062	1784450803
R2d1.1	10	104152800	135449405	489	31296605	0.00565	0.01165	0.68113	3	3	0	1	1	1	0	0.446002081406242	1	NA	q24.32-q26.3	1784525943	1815822548
R2d1.1	11	139197	51342530	988	51203333	0.00398	0.01905	0.49356	2	2	0	1	1	1	0	-0.0187026172152735	0	NA	p15.5-p11.12	1816047087	1867250420
R2d1.1	11	54993406	62287346	207	7293940	0.00869	0.00271	0.5086	2	2	0	1	1	1	0	0.024603367140657	0	NA	q11-q12.3	1870901296	1878195236
R2d1.1	11	62287395	62299711	248	12316	0.00794	0	0.54029	2	2	1	0.27	0.12756	0.40979	0	0.111805885090348	0	NA	q12.3	1878195285	1878207601
R2d1.1	11	62299760	108128299	706	45828539	0.0047	0.01705	0.48538	2	2	0	1	1	1	0	-0.0428134311763743	0	NA	q12.3-q22.3	1878207650	1924036189
R2d1.1	11	108129702	134870991	548	26741289	0.00534	0.00995	0.50969	2	2	0	1	1	1	0	0.0276919532903305	0	NA	q22.3-q25	1924037592	1950778881
R2d1.1	12	77870	34781321	493	34703451	0.00563	0.01291	0.48207	2	2	0	1	1	1	0	-0.0526854436180773	0	NA	p13.33-p11.1	1950992276	1985695727
R2d1.1	12	37933893	49432196	524	11498303	0.00546	0.00428	0.48636	2	2	0	1	1	1	0	-0.0399035136688148	0	NA	q11-q13.12	1988848299	2000346602
R2d1.1	12	49432247	51790443	251	2358196	0.00789	0.00088	0.44424	2	2	1	0.23	0.08366	0.36424	0	-0.170588793845081	0	NA	q13.12-q13.13	2000346653	2002704849
R2d1.1	12	51865952	133767545	1345	81901593	0.00341	0.03048	0.48761	2	2	0	1	1	1	0	-0.0362003815574725	0	NA	q13.13-q24.33	2002780358	2084681951
R2d1.1	13	19095534	115017146	1336	95921612	0.00342	0.03569	0.49665	2	2	0	1	1	1	0	-0.00969858343129396	0	NA	q11-q34	2103861835	2199783447
R2d1.1	14	19075755	107216558	2054	88140803	0.00276	0.0328	0.4869	2	2	0	1	1	1	0	-0.0383025942803218	0	NA	q11.1-q32.33	2219011934	2307152737
R2d1.1	15	20074969	22718998	15	2644029	0.03227	0.00098	0.68463	3	3	0	1	1	1	0	0.453396416716808	1	NA	q11.1-q11.2	2327360688	2330004717
R2d1.1	15	22791303	102445742	1481	79654439	0.00325	0.02964	0.49569	2	2	0	1	1	1	0	-0.0124899405696044	0	NA	q11.2-q26.3	2330077022	2409731461
R2d1.1	16	133256	31998830	592	31865574	0.00514	0.01186	0.47214	2	2	0	1	1	1	0	-0.0827133807295151	0	NA	p13.3-p11.2	2409950367	2441815941
R2d1.1	16	32073786	35205897	31	3132111	0.02245	0.00117	0.64645	3	3	0	1	1	1	0	0.370610693490593	1	NA	p11.2-p11.1	2441890897	2445023008
R2d1.1	16	46611314	64762431	237	18151117	0.00812	0.00675	0.49531	2	2	0	1	1	1	0	-0.0135963465078632	0	NA	q11.2-q21	2456428425	2474579542
R2d1.1	16	64837435	66562541	24	1725106	0.02552	0.00064	0.76128	3	3	1	0.43	0.19222	0.65432	0	0.606499081988323	1	NA	q21	2474654546	2476379652
R2d1.1	16	66637545	70612790	54	3975245	0.01701	0.00148	0.54122	2	2	1	0.28	0.09046	0.46135	0	0.114287058114605	0	NA	q21-q22.1	2476454656	2480429901
R2d1.1	16	70687794	82313509	150	11625715	0.01021	0.00433	0.64399	3	3	0	0.82	0.65714	0.95463	0	0.365110191181691	1	NA	q22.1-q23.3	2480504905	2492130620
R2d1.1	16	82388514	90216989	103	7828475	0.01232	0.00291	0.47329	2	2	0	1	1	1	0	-0.0792036547523897	0	NA	q23.3-q24.3	2492205625	2500034100
R2d1.1	17	74406	21038365	487	20963959	0.00566	0.0078	0.47205	2	2	0	1	1	1	0	-0.0829884155298694	0	NA	p13.3-p11.2	2500246270	2521210229
R2d1.1	17	21113756	22039232	11	925476	0.03769	0.00034	0.63737	3	3	0	1	1	1	0	0.350203020447746	1	NA	p11.2	2521285620	2522211096
R2d1.1	17	25486271	81122952	1305	55636681	0.00346	0.0207	0.48186	2	2	0	1	1	1	0	-0.0533140493537216	0	NA	q11.1-q25.3	2525658135	2581294816
R2d1.1	18	85256	15335642	199	15250386	0.00886	0.00567	0.50362	2	2	0	1	1	1	0	0.010407482307534	0	NA	p11.32-p11.21	2581452330	2596702716
R2d1.1	18	18736044	57527541	513	38791497	0.00552	0.01444	0.49274	2	2	0	1	1	1	0	-0.0211015023538687	0	NA	q11.1-q21.32	2600103118	2638894615
R2d1.1	18	57602440	77941934	270	20339494	0.00761	0.00757	0.52091	2	2	0	1	1	1	0	0.0591060381350783	0	NA	q21.32-q23	2638969514	2659309008
R2d1.1	19	132118	24556146	623	24424028	0.00501	0.00909	0.46986	2	2	0	1	1	1	0	-0.0896971410618232	0	NA	p13.3-p11	2659576440	2684000468
R2d1.1	19	27960972	36174992	190	8214020	0.00907	0.00306	0.5186	2	2	0	1	1	1	0	0.0526941113038451	0	NA	q11-q13.12	2687405294	2695619314
R2d1.1	19	36249287	51169883	827	14920596	0.00435	0.00555	0.4572	2	2	0	1	1	1	0	-0.129102691334971	0	NA	q13.12-q13.33	2695693609	2710614205
R2d1.1	19	51169933	51175377	33	5444	0.02176	0	0.34869	1	1	1	0.73	0.51003	0.92573	0	-0.519983104897438	-1	NA	q13.33	2710614255	2710619699
R2d1.1	19	51182432	59043631	249	7861199	0.00792	0.00293	0.47058	2	2	0	1	1	1	0	-0.0874880886344702	0	NA	q13.33-q13.43	2710626754	2718487953
R2d1.1	20	135524	26244045	343	26108521	0.00675	0.00972	0.50955	2	2	0	1	1	1	0	0.0272956240509075	0	NA	p13-p11.1	2718708829	2744817350
R2d1.1	20	29478404	62935280	519	33456876	0.00549	0.01245	0.48758	2	2	0	1	1	1	0	-0.0362891454931985	0	NA	q11.21-q13.33	2748051709	2781508585
R2d1.1	21	14413541	48044695	444	33631154	0.00593	0.01251	0.47797	2	2	0	1	1	1	0	-0.0650080252367134	0	NA	q11.2-q22.3	2796012366	2829643520
R2d1.1	22	16131356	51036869	510	34905513	0.00554	0.01299	0.48849	2	2	0	1	1	1	0	-0.0335990661595703	0	NA	q11.1-q13.33	2845860076	2880765589
R8d1.1	1	93709	53469331	1281	53375622	0.00349	0.01986	0.47421	2	2	0	1	1	1	0	-0.0764020086210218	0	NA	p36.33-p32.3	93709	53469331
R8d1.1	1	53544221	121286065	926	67741844	0.00411	0.02521	0.50108	2	2	0	1	1	1	0	0.0031128606078385	0	NA	p32.3-p11.2	53544221	121286065
R8d1.1	1	142633228	145203136	15	2569908	0.03227	0.00096	0.60078	3	2.99999	1	0.68	0.37838	0.94265	0	0.264908691365145	1	NA	q21.1	142633228	145203136
R8d1.1	1	145281518	205847197	892	60565679	0.00419	0.02254	0.48825	2	2	0	1	1	1	0	-0.0343080507752953	0	NA	q21.1-q32.1	145281518	205847197
R8d1.1	1	206137835	212247789	267	6109954	0.00765	0.00227	0.35434	1	1	1	0.77	0.60435	0.91777	0	-0.496793760268524	-1	NA	q32.1-q32.3	206137835	212247789
R8d1.1	1	212322949	216907740	62	4584791	0.01588	0.00171	0.51921	2	2	0	1	1	1	0	0.0543900750665539	0	NA	q32.3-q41	212322949	216907740
R8d1.1	1	216982900	240370819	369	23387919	0.00651	0.0087	0.3505	1	1	1	0.79	0.63351	0.9326	0	-0.512513650651464	-1	NA	q41-q43	216982900	240370819
R8d1.1	1	240370868	240371803	20	935	0.02795	0	0.2222	1	0.50696	1	0.55	0.26571	0.81397	0	-1.17006927816036	-1	NA	q43	240370868	240371803
R8d1.1	1	240371852	249149416	171	8777564	0.00956	0.00327	0.35941	1	1	1	0.74	0.56352	0.89948	0	-0.476297544832764	-1	NA	q43-q44	240371852	249149416
R8d1.1	2	86985	92106651	1467	92019666	0.00326	0.03424	0.5	2	2	0	1	1	1	0	0	0	NA	p25.3-p11.1	249337606	341357272
R8d1.1	2	95399733	243170925	2540	147771192	0.00248	0.05499	0.49138	2	2	0	1	1	1	0	-0.0250889561291063	0	NA	q11.1-q37.3	344650354	492421546
R8d1.1	3	136041	47166001	871	47029960	0.00424	0.0175	0.35284	1	1	1	0.78	0.63292	0.90821	0	-0.502913972397639	-1	Loss_3p25.3	p26.3-p21.31	492586035	539615995
R8d1.1	3	47168145	86390628	718	39222483	0.00466	0.0146	0.31675	1	1	0	1	1	1	0	-0.658583475521278	-1	NA	p21.31-p12.1	539618139	578840622
R8d1.1	3	86465423	90429560	54	3964137	0.01701	0.00148	0.42783	2	2	1	0.33	0.12051	0.54095	0	-0.224890445171371	0	NA	p12.1-p11.1	578915417	582879554
R8d1.1	3	93580643	195506496	1722	101925853	0.00301	0.03793	0.48377	2	2	0	1	1	1	0	-0.047606788556679	0	NA	q11.1-q29	586030637	687956490
R8d1.1	3	195506546	195510811	80	4265	0.01398	0	0.53563	2	2	1	0.3	0.10447	0.48962	0	0.0993086716731987	0	NA	q29	687956540	687960805
R8d1.1	3	195510861	195513521	22	2660	0.02665	0	0.79852	4	4	0	0.85	0.56885	0.98648	0	0.675400447426005	2	NA	q29	687960855	687963515
R8d1.1	3	195513570	197886222	131	2372652	0.01092	0.00088	0.47715	2	2	0	1	1	1	0	-0.0674852222887798	0	NA	q29	687963564	690336216
R8d1.1	4	88952	49263653	786	49174701	0.00446	0.0183	0.4815	2	2	0	1	1	1	0	-0.0543922968186278	0	NA	p16.3-p11	690561376	739736077
R8d1.1	4	52735275	95816491	760	43081216	0.00453	0.01603	0.47332	2	2	0	1	1	1	0	-0.0791122108605204	0	NA	q12-q22.3	743207699	786288915
R8d1.1	4	95891634	106197646	266	10306012	0.00766	0.00384	0.54051	2	2	1	0.33	0.1666	0.48202	0	0.112393214685794	0	NA	q22.3-q24	786364058	796670070
R8d1.1	4	106275451	190818701	1319	84543250	0.00344	0.03146	0.49353	2	2	0	1	1	1	0	-0.0187903110450964	0	NA	q24-q35.2	796747875	881291125
R8d1.1	5	85370	46330140	696	46244770	0.00474	0.01721	0.48697	2	2	0	1	1	1	0	-0.0380951977016487	0	NA	p15.33-p11	881712070	927956840
R8d1.1	5	49630765	60263012	143	10632247	0.01045	0.00396	0.48802	2	2	0	1	1	1	0	-0.0349878214648453	0	NA	q11.1-q12.1	931257465	941889712
R8d1.1	5	60337887	180847297	2051	120509410	0.00276	0.04484	0.65561	3	3	0	1	1	1	0	0.390909765102757	1	Gain_5q35.3	q12.1-q35.3	941964587	1062473997
R8d1.1	6	135217	12841172	345	12705955	0.00673	0.00473	0.52098	2	2	0	0.21	0.06304	0.36174	0	0.0592998947859996	0	NA	p25.3-p24.1	1062677177	1075383132
R8d1.1	6	12916279	58539101	722	45622822	0.00465	0.01698	0.46703	2	2	0	1	1	1	0	-0.0984128694468385	0	NA	p24.1-p11.2	1075458239	1121081061
R8d1.1	6	61942522	170982159	1683	109039637	0.00305	0.04058	0.5016	2	2	0	1	1	1	0	0.00460925325258967	0	NA	q11.1-q27	1124484482	1233524119
R8d1.1	7	121242	57102776	964	56981534	0.00403	0.0212	0.49706	2	2	0	1	1	1	0	-0.00850808519673977	0	NA	p22.3-p11.2	1233778269	1290759803
R8d1.1	7	57175933	57980673	12	804740	0.03608	3e-04	0.73688	3	3.02477	1	0.49	0.16445	0.80044	0	0.559501602451153	1	NA	p11.2	1290832960	1291637700
R8d1.1	7	61118627	80688771	252	19570144	0.00787	0.00728	0.44089	2	2	1	0.26	0.09519	0.41128	0	-0.18150933989791	0	NA	q11.1-q21.11	1294775654	1314345798
R8d1.1	7	80763740	159053835	1657	78290095	0.00307	0.02913	0.50264	2	2	0	1	1	1	0	0.00759739030929285	0	NA	q21.11-q36.3	1314420767	1392710862
R8d1.1	8	85136	43616065	743	43530929	0.00459	0.0162	0.47917	2	2	0	1	1	1	0	-0.0613905085596366	0	NA	p23.3-p11.1	1392880826	1436411755
R8d1.1	8	47064138	146230986	1656	99166848	0.00307	0.0369	0.49789	2	2	0	1	1	1	0	-0.00610105537271291	0	NA	q11.1-q24.3	1439859828	1539026676
R8d1.1	9	85600	47238907	617	47153307	0.00503	0.01755	0.48754	2	2	0	1	1	1	0	-0.0364075059035438	0	NA	p24.3-p11.2	1539245312	1586398619
R8d1.1	9	65543125	141078492	1037	75535367	0.00388	0.02811	0.49524	2	2	0	1	1	1	0	-0.0138002507086209	0	NA	q12-q34.3	1604702837	1680238204
R8d1.1	10	134766	38940611	816	38805845	0.00438	0.01444	0.48815	2	2	0	1	1	1	0	-0.0346035638940855	0	NA	p15.3-p11.1	1680507909	1719313754
R8d1.1	10	42840919	104077660	1096	61236741	0.00378	0.02279	0.49672	2	2	0	1	1	1	0	-0.00949525807814377	0	NA	q11.21-q24.32	1723214062	1784450803
R8d1.1	10	104152800	135449405	489	31296605	0.00565	0.01165	0.623	3	3	1	0.82	0.66373	0.94986	0	0.317304068361915	1	NA	q24.32-q26.3	1784525943	1815822548
R8d1.1	11	139197	51342530	988	51203333	0.00398	0.01905	0.49097	2	2	0	1	1	1	0	-0.0262932214135979	0	NA	p15.5-p11.12	1816047087	1867250420
R8d1.1	11	54993406	62287346	207	7293940	0.00869	0.00271	0.50205	2	2	0	1	1	1	0	0.00590295685823641	0	NA	q11-q12.3	1870901296	1878195236
R8d1.1	11	62287395	62299711	248	12316	0.00794	0	0.5229	2	2	0	0.23	0.06723	0.37985	0	0.0646069752973919	0	NA	q12.3	1878195285	1878207601
R8d1.1	11	62299760	108128299	706	45828539	0.0047	0.01705	0.4809	2	2	0	1	1	1	0	-0.0561911686737452	0	NA	q12.3-q22.3	1878207650	1924036189
R8d1.1	11	108129702	134870991	548	26741289	0.00534	0.00995	0.51185	2	2	0	1	1	1	0	0.0337929888493031	0	NA	q22.3-q25	1924037592	1950778881
R8d1.1	12	77870	34781321	493	34703451	0.00563	0.01291	0.47893	2	2	0	1	1	1	0	-0.0621132865933605	0	NA	p13.33-p11.1	1950992276	1985695727
R8d1.1	12	37933893	49432196	524	11498303	0.00546	0.00428	0.49799	2	2	0	1	1	1	0	-0.00581132266480881	0	NA	q11-q13.12	1988848299	2000346602
R8d1.1	12	49432247	51790443	251	2358196	0.00789	0.00088	0.45895	2	2	0	1	1	1	0	-0.12359110613115	0	NA	q13.12-q13.13	2000346653	2002704849
R8d1.1	12	51865952	133767545	1345	81901593	0.00341	0.03048	0.48193	2	2	0	1	1	1	0	-0.0531044836743935	0	NA	q13.13-q24.33	2002780358	2084681951
R8d1.1	13	19095534	115017146	1336	95921612	0.00342	0.03569	0.48613	2	2	0	1	1	1	0	-0.040585926579161	0	NA	q11-q34	2103861835	2199783447
R8d1.1	14	19075755	107216558	2054	88140803	0.00276	0.0328	0.48896	2	2	0	1	1	1	0	-0.032211646401063	0	NA	q11.1-q32.33	2219011934	2307152737
R8d1.1	15	20074969	22718998	15	2644029	0.03227	0.00098	0.71514	3	3	1	0.36	0.07996	0.65329	0	0.516297605093599	1	NA	q11.1-q11.2	2327360688	2330004717
R8d1.1	15	22791303	102445742	1481	79654439	0.00325	0.02964	0.48907	2	2	0	1	1	1	0	-0.031887123727593	0	NA	q11.2-q26.3	2330077022	2409731461
R8d1.1	16	133256	31998830	592	31865574	0.00514	0.01186	0.46284	2	2	0	1	1	1	0	-0.111414543086894	0	NA	p13.3-p11.2	2409950367	2441815941
R8d1.1	16	32073786	35205897	31	3132111	0.02245	0.00117	0.84721	4	4	0	0.14	0.02002	0.38309	0	0.760791523320678	2	NA	p11.2-p11.1	2441890897	2445023008
R8d1.1	16	46611314	64762431	237	18151117	0.00812	0.00675	0.4708	2	2	0	1	1	1	0	-0.0868137745110052	0	NA	q11.2-q21	2456428425	2474579542
R8d1.1	16	64837435	66562541	24	1725106	0.02552	0.00064	0.7102	3	3	1	0.33	0.08085	0.58496	0	0.506297265471522	1	NA	q21	2474654546	2476379652
R8d1.1	16	66637545	70612790	54	3975245	0.01701	0.00148	0.47681	2	2	0	1	1	1	0	-0.0685136015387943	0	NA	q21-q22.1	2476454656	2480429901
R8d1.1	16	70687794	82313509	150	11625715	0.01021	0.00433	0.60299	3	3	1	0.7	0.52005	0.86438	0	0.270205981748716	1	NA	q22.1-q23.3	2480504905	2492130620
R8d1.1	16	82388514	90216989	103	7828475	0.01232	0.00291	0.44866	2	2	0	1	1	1	0	-0.15630552770843	0	NA	q23.3-q24.3	2492205625	2500034100
R8d1.1	17	74406	21038365	487	20963959	0.00566	0.0078	0.47986	2	2	0	1	1	1	0	-0.0593145364837285	0	NA	p13.3-p11.2	2500246270	2521210229
R8d1.1	17	21113756	22039232	11	925476	0.03769	0.00034	0.70868	3	3	0	0.32	0.05168	0.64817	0	0.503206239731476	1	NA	p11.2	2521285620	2522211096
R8d1.1	17	25486271	81122952	1305	55636681	0.00346	0.0207	0.47503	2	2	0	1	1	1	0	-0.0739094667395232	0	NA	q11.1-q25.3	2525658135	2581294816
R8d1.1	18	85256	15335642	199	15250386	0.00886	0.00567	0.53119	2	2	1	0.27	0.10609	0.43415	0	0.0872998923731411	0	NA	p11.32-p11.21	2581452330	2596702716
R8d1.1	18	18736044	57527541	513	38791497	0.00552	0.01444	0.48873	2	2	0	1	1	1	0	-0.0328904297895106	0	NA	q11.1-q21.32	2600103118	2638894615
R8d1.1	18	57602440	77941934	270	20339494	0.00761	0.00757	0.55221	2	2	1	0.4	0.23576	0.55046	0	0.143288919115728	0	NA	q21.32-q23	2638969514	2659309008
R8d1.1	19	132118	24556146	623	24424028	0.00501	0.00909	0.4694	2	2	0	1	1	1	0	-0.0911102530262792	0	NA	p13.3-p11	2659576440	2684000468
R8d1.1	19	27960972	36174992	190	8214020	0.00907	0.00306	0.51189	2	2	0	1	1	1	0	0.0339057280246109	0	NA	q11-q13.12	2687405294	2695619314
R8d1.1	19	36249287	51169883	827	14920596	0.00435	0.00555	0.4566	2	2	0	1	1	1	0	-0.130997235324748	0	NA	q13.12-q13.33	2695693609	2710614205
R8d1.1	19	51169933	51175377	33	5444	0.02176	0	0.43039	2	2	1	0.32	0.08683	0.55367	0	-0.216283537248427	0	NA	q13.33	2710614255	2710619699
R8d1.1	19	51182432	59043631	249	7861199	0.00792	0.00293	0.49634	2	2	0	1	1	1	0	-0.0105993688917819	0	NA	q13.33-q13.43	2710626754	2718487953
R8d1.1	20	135524	26244045	343	26108521	0.00675	0.00972	0.51563	2	2	0	1	1	1	0	0.0444081090607183	0	NA	p13-p11.1	2718708829	2744817350
R8d1.1	20	29478404	62935280	519	33456876	0.00549	0.01245	0.48106	2	2	0	1	1	1	0	-0.055711250155988	0	NA	q11.21-q13.33	2748051709	2781508585
R8d1.1	21	14413541	48044695	444	33631154	0.00593	0.01251	0.48213	2	2	0	1	1	1	0	-0.05250589227486	0	NA	q11.2-q22.3	2796012366	2829643520
R8d1.1	22	16131356	51036869	510	34905513	0.00554	0.01299	0.4824	2	2	0	1	1	1	0	-0.0516981876493646	0	NA	q11.1-q13.33	2845860076	2880765589
