sample	Chromosome	Start.bp	End.bp	n_probes	length	seg_sigma	W	copy_ratio	modal_cn	expected_cn	subclonal	cancer_cell_frac	ccf_ci95_low	ccf_ci95_high	hz	logR	norm_modal_cn	driverSCNA	arm	gps_start	gps_end
R2d1.1	1	93709	7656059	122	7562350	0.01132	0.00282	0.48374	2	1.61848	0	1	1	1	0	-0.0476962570918683	0	NA	p36.33-p36.23	93709	7656059
R2d1.1	1	7730758	17371380	348	9640622	0.0067	0.00359	0.41914	1	0.98136	0	1	1	1	0	-0.254495885401844	-1	NA	p36.23-p36.13	7730758	17371380
R2d1.1	1	17380428	39020447	490	21640019	0.00565	0.00806	0.46775	1	1.00006	0	1	1	1	0	-0.096190441421303	-1	Loss_1p36.11	p36.13-p34.3	17380428	39020447
R2d1.1	1	39096008	46629116	683	7533108	0.00478	0.00281	0.43179	1	1	0	1	1	1	0	-0.211598263100514	-1	NA	p34.3-p34.1	39096008	46629116
R2d1.1	1	46704140	103352580	764	56648440	0.00452	0.02111	0.49312	2	1.9985	0	1	1	1	0	-0.0199893279220264	0	NA	p34.1-p21.1	46704140	103352580
R2d1.1	1	103354135	103478037	119	123902	0.01146	5e-05	0.43497	1	0.99999	0	1	1	1	0	-0.201012193566774	-1	NA	p21.1	103354135	103478037
R2d1.1	1	103480058	121286065	331	17806007	0.00687	0.00664	0.49514	2	1.99938	0	1	1	1	0	-0.0140915924250917	0	NA	p21.1-p11.2	103480058	121286065
R2d1.1	1	142874392	145321921	16	2447529	0.03125	0.00091	0.70295	5	4.97491	0	0.79	0.10975	0.98101	0	0.491493980872165	3	NA	q21.1	142874392	145321921
R2d1.1	1	145394877	151547352	110	6152475	0.01192	0.00229	0.44196	1	1	0	1	1	1	0	-0.178012291815918	-1	NA	q21.1-q21.3	145394877	151547352
R2d1.1	1	151623349	152085236	92	461887	0.01303	0.00017	0.63051	4	3.98409	0	0.7	0.21312	0.97266	0	0.334591157245834	2	NA	q21.3	151623349	152085236
R2d1.1	1	152085283	185815243	845	33729960	0.0043	0.01257	0.49284	2	1.99826	0	1	1	1	0	-0.0208087417365998	0	NA	q21.3-q31.1	152085283	185815243
R2d1.1	1	185824416	186645717	440	821301	0.00596	0.00031	0.53222	2	2	0	1	1	1	0	0.0900946307276911	0	NA	q31.1	185824416	186645717
R2d1.1	1	186645763	215924304	523	29278541	0.00547	0.01091	0.50411	2	2	0	1	1	1	0	0.0118104783992414	0	NA	q31.1-q41	186645763	215924304
R2d1.1	1	215931921	218607456	301	2675535	0.0072	0.001	0.55294	2	2.18489	0	1	1	1	0	0.145194845972753	0	NA	q41	215931921	218607456
R2d1.1	1	218681947	228404958	177	9723011	0.0094	0.00362	0.50351	2	1.99999	0	1	1	1	0	0.0100923363876851	0	NA	q41-q42.13	218681947	228404958
R2d1.1	1	228407055	228462118	76	55063	0.01434	2e-05	0.64229	4	3.99988	0	1	1	1	0	0.361296739992968	2	NA	q42.13	228407055	228462118
R2d1.1	1	228462300	228470958	68	8658	0.01516	0	0.46623	1	1.00091	0	1	1	1	0	-0.100886255888786	-1	NA	q42.13	228462300	228470958
R2d1.1	1	228471244	228493062	85	21818	0.01356	1e-05	0.59762	3	3.00001	0	1	1	1	0	0.257300335398421	1	NA	q42.13	228471244	228493062
R2d1.1	1	228494098	240255640	475	11761542	0.00574	0.00438	0.48714	2	1.92742	0	1	1	1	0	-0.0375916443874623	0	NA	q42.13-q43	228494098	240255640
R2d1.1	1	240255695	249149416	279	8893721	0.00748	0.00331	0.52217	2	2	0	1	1	1	0	0.0625914786299177	0	NA	q43-q44	240255695	249149416
R2d1.1	2	86985	22902297	297	22815312	0.00725	0.0085	0.52062	2	2	0	1	1	1	0	0.0583026401097315	0	NA	p25.3-p24.1	249337606	272152918
R2d1.1	2	22977240	44485825	282	21508585	0.00744	0.00801	0.46905	1	1.00022	0	1	1	1	0	-0.0921863749032527	-1	NA	p24.1-p21	272227861	293736446
R2d1.1	2	44560767	92106651	769	47545884	0.00451	0.01772	0.51624	2	2	0	1	1	1	0	0.0461138357074055	0	NA	p21-p11.1	293811388	341357272
R2d1.1	2	95400201	113608320	346	18208119	0.00672	0.00679	0.49431	2	1.99901	0	1	1	1	0	-0.0165120020765231	0	NA	q11.1-q13	344650822	362858941
R2d1.1	2	113682908	140497496	448	26814588	0.00591	0.00999	0.56742	3	2.99955	0	1	1	1	0	0.182488907667633	1	Gain_2q14.3	q13-q22.1	362933529	389748117
R2d1.1	2	140572232	243025566	1985	102453334	0.00281	0.03818	0.51882	2	2	0	1	1	1	0	0.0533060002470955	0	NA	q22.1-q37.3	389822853	492276187
R2d1.1	3	135374	46381819	671	46246445	0.00483	0.01723	0.4275	1	0.99992	0	1	1	1	0	-0.226003674888827	-1	Loss_3p25.3	p26.3-p21.31	492585368	538831813
R2d1.1	3	46456952	53536558	453	7079606	0.00587	0.00264	0.36921	0	0	0	1	1	1	1	-0.437486466185823	-2	NA	p21.31-p21.1	538906946	545986552
R2d1.1	3	53611310	90429560	485	36818250	0.00568	0.01372	0.42399	1	0.99914	0	1	1	1	0	-0.237897856326578	-1	NA	p21.1-p11.1	546061304	582879554
R2d1.1	3	93580592	184715324	1629	91134732	0.0031	0.03396	0.44773	1	1	0	1	1	1	0	-0.159299106104952	-1	NA	q11.1-q27.2	586030586	677165318
R2d1.1	3	184790163	197887091	173	13096928	0.0095	0.00488	0.40754	0	0.07191	0	0.66	0.2251	0.96133	1	-0.294986428256442	-2	NA	q27.2-q29	677240157	690337085
R2d1.1	4	88952	49263653	642	49174701	0.00493	0.01832	0.51438	2	2	0	1	1	1	0	0.0409064543458467	0	NA	p16.3-p11	690561376	739736077
R2d1.1	4	52735917	172579069	1980	119843152	0.00281	0.04466	0.51295	2	2	0	1	1	1	0	0.0368901105402659	0	NA	q12-q34.1	743208341	863051493
R2d1.1	4	172654075	190969597	612	18315522	0.00505	0.00683	0.57062	3	2.99995	0	1	1	1	0	0.190602218795595	1	NA	q34.1-q35.2	863126499	881442021
R2d1.1	5	85674	38434293	744	38348619	0.00458	0.01429	0.51509	2	2	0	1	1	1	0	0.0428964368444856	0	NA	p15.33-p13.1	881712374	920060993
R2d1.1	5	38509035	42020783	134	3511748	0.0108	0.00131	0.42783	1	0.99979	0	1	1	1	0	-0.224890445171371	-1	NA	p13.1	920135735	923647483
R2d1.1	5	42095094	46330831	58	4235737	0.01641	0.00158	0.58427	3	2.99998	0	1	1	1	0	0.224707119498516	1	NA	p13.1-p11	923721794	927957531
R2d1.1	5	49630948	126167327	1214	76536379	0.00359	0.02852	0.51914	2	2	0	1	1	1	0	0.0541955575088612	0	NA	q11.1-q23.2	931257648	1007794027
R2d1.1	5	126242448	127948553	246	1706105	0.00797	0.00064	0.58459	3	3	0	1	1	1	0	0.22549705571777	1	NA	q23.2-q23.3	1007869148	1009575253
R2d1.1	5	128023298	180732369	1107	52709071	0.00376	0.01964	0.51828	2	2	0	1	1	1	0	0.0518036274913663	0	NA	q23.3-q35.3	1009649998	1062359069
R2d1.1	6	135324	28568390	378	28433066	0.00643	0.0106	0.47391	1	1.00335	0	1	1	1	0	-0.0773149912112231	-1	NA	p25.3-p22.1	1062677284	1091110350
R2d1.1	6	29017332	30459425	26	1442093	0.02451	0.00054	0.26663	0	0	1	NA	0.01	1	1	-0.907088979815868	-2	NA	p22.1-p21.33	1091559292	1093001385
R2d1.1	6	31158802	32634335	59	1475533	0.01627	0.00055	0.38745	0	0.00011	0	1	1	1	1	-0.367917950710293	-2	NA	p21.33-p21.32	1093700762	1095176295
R2d1.1	6	32634386	33052966	26	418580	0.02451	0.00016	0.28727	0	0	1	NA	0.01	1	1	-0.799520756771841	-2	NA	p21.32	1095176346	1095594926
R2d1.1	6	33067328	49227212	213	16159884	0.00856	0.00602	0.47362	1	1.00446	0	1	1	1	0	-0.0781980905852194	-1	NA	p21.32-p12.3	1095609288	1111769172
R2d1.1	6	49302233	58539101	237	9236868	0.00812	0.00344	0.53148	2	2	0	1	1	1	0	0.0880873081696606	0	NA	p12.3-p11.2	1111844193	1121081061
R2d1.1	6	61942522	170982159	2590	109039637	0.00246	0.04063	0.51033	2	2	0	1	1	1	0	0.029502358865385	0	NA	q11.1-q27	1124484482	1233524119
R2d1.1	7	121242	4839122	63	4717880	0.01575	0.00176	0.48995	2	1.95912	0	1	1	1	0	-0.0292935669506172	0	NA	p22.3-p22.1	1233778269	1238496149
R2d1.1	7	4839270	4876205	60	36935	0.01614	1e-05	0.37602	0	0	0	1	1	1	1	-0.411118695927391	-2	NA	p22.1	1238496297	1238533232
R2d1.1	7	4896738	48232683	606	43335945	0.00508	0.01615	0.52134	2	2	0	1	1	1	0	0.0602964605918403	0	NA	p22.1-p12.3	1238553765	1281889710
R2d1.1	7	48237835	57978903	475	9741068	0.00574	0.00363	0.57606	3	3	0	1	1	1	0	0.204290989687073	1	NA	p12.3-p11.2	1281894862	1291635930
R2d1.1	7	61118627	82478281	326	21359654	0.00692	0.00796	0.51477	2	2	0	1	1	1	0	0.0419998830838926	0	NA	q11.1-q21.11	1294775654	1316135308
R2d1.1	7	82487867	82595778	214	107911	0.00854	4e-05	0.60357	3	3.00004	0	1	1	1	0	0.271593004670358	1	NA	q21.11	1316144894	1316252805
R2d1.1	7	82679688	100674512	837	17994824	0.00432	0.00671	0.50052	2	1.99999	0	1	1	1	0	0.00149962317356996	0	NA	q21.11-q22.1	1316336715	1334331539
R2d1.1	7	100674920	100687060	243	12140	0.00802	0	0.59144	3	3	0	1	1	1	0	0.242303723562687	1	NA	q22.1	1334331947	1334344087
R2d1.1	7	100691270	103584984	73	2893714	0.01463	0.00108	0.45235	1	1	0	1	1	1	0	-0.144488623425598	-1	NA	q22.1	1334348297	1337242011
R2d1.1	7	103658909	141740644	769	38081735	0.00451	0.01419	0.53451	2	2	0	1	1	1	0	0.0962888442940503	0	NA	q22.1-q34	1337315936	1375397671
R2d1.1	7	141747578	141765262	57	17684	0.01656	1e-05	0.62166	3	3.39119	0	0.57	0.09877	0.95064	0	0.314197658415908	1	NA	q34	1375404605	1375422289
R2d1.1	7	141765370	141784442	57	19072	0.01656	1e-05	0.42496	1	0.99775	0	1	1	1	0	-0.234601043089887	-1	NA	q34	1375422397	1375441469
R2d1.1	7	141785636	151851534	274	10065898	0.00755	0.00375	0.52745	2	2	0	1	1	1	0	0.0771062441059786	0	NA	q34-q36.1	1375442663	1385508561
R2d1.1	7	151852974	151949193	230	96219	0.00824	4e-05	0.46856	1	1.00022	0	1	1	1	0	-0.0936942953272944	-1	NA	q36.1	1385510001	1385606220
R2d1.1	7	151949621	159053835	130	7104214	0.01096	0.00265	0.57854	3	2.99999	0	1	1	1	0	0.210488615191546	1	NA	q36.1-q36.3	1385606648	1392710862
R2d1.1	8	83607	6929902	139	6846295	0.0106	0.00255	0.57304	3	2.99988	0	1	1	1	0	0.196707752275438	1	NA	p23.3-p23.1	1392879297	1399725592
R2d1.1	8	7007651	43613060	475	36605409	0.00574	0.01364	0.49473	2	1.99936	0	1	1	1	0	-0.0152867089567379	0	NA	p23.1-p11.1	1399803341	1436408750
R2d1.1	8	47064138	77539599	414	30475461	0.00614	0.01136	0.53433	2	2	0	1	1	1	0	0.0958029247741688	0	NA	q11.1-q21.11	1439859828	1470335289
R2d1.1	8	77616348	77776581	219	160233	0.00845	6e-05	0.59386	3	3	0	1	1	1	0	0.248194766927392	1	NA	q21.11	1470412038	1470572271
R2d1.1	8	77776629	110393763	445	32617134	0.00593	0.01215	0.50519	2	2	0	1	1	1	0	0.0148979870465049	0	NA	q21.11-q23.1	1470572319	1503189453
R2d1.1	8	110394685	114525028	652	4130343	0.0049	0.00154	0.55379	2	2.29951	0	0.54	0.18286	0.88452	0	0.147410907750914	0	NA	q23.1-q23.3	1503190375	1507320718
R2d1.1	8	114600421	144601824	433	30001403	0.00601	0.01118	0.4951	2	1.99947	0	1	1	1	0	-0.0142081455872887	0	NA	q23.3-q24.3	1507396111	1537397514
R2d1.1	8	144679424	146230986	369	1551562	0.00651	0.00058	0.46966	1	1.00024	0	1	1	1	0	-0.0903113675019973	-1	NA	q24.3	1537475114	1539026676
R2d1.1	9	86126	21815440	498	21729314	0.0056	0.0081	0.50393	2	2	0	1	1	1	0	0.0112952506104235	0	NA	p24.3-p21.3	1539245838	1560975152
R2d1.1	9	21815492	24918194	89	3102702	0.01325	0.00116	0.61745	3	3.10789	0	0.5	0.08682	0.91836	0	0.30439421966803	1	NA	p21.3	1560975204	1564077906
R2d1.1	9	24993041	47238907	259	22245866	0.00777	0.00829	0.4868	2	1.90413	0	1	1	1	0	-0.038598926835721	0	NA	p21.3-p11.2	1564152753	1586398619
R2d1.1	9	65543125	111499982	996	45956857	0.00396	0.01713	0.5046	2	2	0	1	1	1	0	0.0132121114268512	0	NA	q12-q31.3	1604702837	1650659694
R2d1.1	9	111575147	135696172	316	24121025	0.00703	0.00899	0.4649	1	1.00002	0	1	1	1	0	-0.105007669030485	-1	NA	q31.3-q34.13	1650734859	1674855884
R2d1.1	9	135771651	135786079	55	14428	0.01685	1e-05	0.36324	0	0	0	1	1	1	1	-0.461005013888142	-2	NA	q34.13	1674931363	1674945791
R2d1.1	9	135786384	141078492	102	5292108	0.01238	0.00197	0.47149	1	1.00396	0	1	1	1	0	-0.0847009222974909	-1	NA	q34.13-q34.3	1674946096	1680238204
R2d1.1	10	135526	38940611	770	38805085	0.0045	0.01446	0.47751	1	1.02439	0	1	1	1	0	-0.0663971485466337	-1	NA	p15.3-p11.1	1680508669	1719313754
R2d1.1	10	42818106	68507299	314	25689193	0.00705	0.00957	0.5109	2	2	0	1	1	1	0	0.0311128408502493	0	NA	q11.21-q21.3	1723191249	1748880442
R2d1.1	10	68582444	79027624	140	10445180	0.01056	0.00389	0.45232	1	1	0	1	1	1	0	-0.144584306605636	-1	NA	q21.3-q22.3	1748955587	1759400767
R2d1.1	10	79102769	135299720	927	56196951	0.00411	0.02094	0.45128	1	1	0	1	1	1	0	-0.147905252831949	-1	NA	q22.3-q26.3	1759475912	1815672863
R2d1.1	11	139197	1263713	149	1124516	0.01024	0.00042	0.51824	2	2	0	1	1	1	0	0.051692278358375	0	NA	p15.5	1816047087	1817171603
R2d1.1	11	1263763	1276289	195	12526	0.00895	0	0.66071	4	4	0	1	1	1	0	0.402089085519108	2	NA	p15.5	1817171653	1817184179
R2d1.1	11	1276336	6550322	175	5273986	0.00945	0.00197	0.46983	1	1.00066	0	1	1	1	0	-0.0897892583584664	-1	NA	p15.5-p15.4	1817184226	1822458212
R2d1.1	11	6554241	51342530	883	44788289	0.00421	0.01669	0.50673	2	2	0	1	1	1	0	0.0192891485576999	0	NA	p15.4-p11.12	1822462131	1867250420
R2d1.1	11	54769677	91560260	656	36790583	0.00488	0.01371	0.49624	2	1.99979	0	1	1	1	0	-0.0108900648650576	0	NA	q11-q14.3	1870677567	1907468150
R2d1.1	11	91635189	93012058	301	1376869	0.0072	0.00051	0.57173	3	2.99995	0	1	1	1	0	0.193405898927567	1	NA	q14.3-q21	1907543079	1908919948
R2d1.1	11	93089507	134871978	1098	41782471	0.00377	0.01557	0.49948	2	1.99998	0	1	1	1	0	-0.00150118359337022	0	NA	q21-q25	1908997397	1950779868
R2d1.1	12	77870	11399949	267	11322079	0.00765	0.00422	0.46067	1	1	0	1	1	1	0	-0.118194445850113	-1	NA	p13.33-p13.2	1950992276	1962314355
R2d1.1	12	11474788	34780948	345	23306160	0.00673	0.00868	0.51189	2	2	0	1	1	1	0	0.0339057280246109	0	NA	p13.2-p11.1	1962389194	1985695354
R2d1.1	12	37933893	49422607	386	11488714	0.00636	0.00428	0.51278	2	2	0	1	1	1	0	0.0364118986147168	0	NA	q11-q13.12	1988848299	2000337013
R2d1.1	12	49422658	49433747	134	11089	0.0108	0	0.41856	1	0.97265	0	1	1	1	0	-0.256493648938729	-1	NA	q13.12	2000337064	2000348153
R2d1.1	12	49433798	49436086	41	2288	0.01952	0	0.30933	0	0	1	NA	0.01	1	1	-0.692781336622202	-2	NA	q13.12	2000348204	2000350492
R2d1.1	12	49436338	57131167	352	7694829	0.00666	0.00287	0.43431	1	1	0	1	1	1	0	-0.203202923619119	-1	NA	q13.12-q13.3	2000350744	2008045573
R2d1.1	12	57209369	77848485	625	20639116	0.005	0.00769	0.50568	2	2	0	1	1	1	0	0.0162966251016506	0	NA	q13.3-q21.2	2008123775	2028762891
R2d1.1	12	77923732	78591009	166	667277	0.0097	0.00025	0.57955	3	3	0	1	1	1	0	0.213005038545048	1	NA	q21.2	2028838138	2029505415
R2d1.1	12	78591056	119887595	570	41296539	0.00524	0.01539	0.5147	2	2	0	1	1	1	0	0.0418036876570852	0	NA	q21.2-q24.23	2029505462	2070802001
R2d1.1	12	119962872	125550489	596	5587617	0.00512	0.00208	0.4592	1	1	0	1	1	1	0	-0.122805452873762	-1	NA	q24.23-q24.31	2070877278	2076464895
R2d1.1	12	125625815	133767545	107	8141730	0.01208	0.00303	0.55137	2	2.07629	0	1	1	1	0	0.141092677668106	0	NA	q24.31-q24.33	2076540221	2084681951
R2d1.1	13	19095546	101509636	1097	82414090	0.00377	0.03071	0.5009	2	1.99999	0	1	1	1	0	0.00259451670845232	0	NA	q11-q32.3	2103861847	2186275937
R2d1.1	13	101584501	115017146	598	13432645	0.00511	0.00501	0.54389	2	2.00073	0	1	1	1	0	0.121386805666673	0	NA	q32.3-q34	2186350802	2199783447
R2d1.1	14	19075426	20124390	15	1048964	0.03227	0.00039	0.71104	5	4.99344	0	1	1	1	0	0.50800262695228	3	NA	q11.1-q11.2	2219011605	2220060569
R2d1.1	14	20199315	79348625	821	59149310	0.00436	0.02204	0.48421	2	1.66512	0	1	1	1	0	-0.0462952204215709	0	NA	q11.2-q31.1	2220135494	2279284804
R2d1.1	14	79423565	83187565	107	3764000	0.01208	0.0014	0.61297	3	3.0129	0	0.44	0.06531	0.87318	0	0.293888372323416	1	NA	q31.1	2279359744	2283123744
R2d1.1	14	83262956	107214193	321	23951237	0.00698	0.00893	0.47874	1	1.06645	0	1	1	1	0	-0.0626857427867579	-1	Loss_14q31.1	q31.1-q32.33	2283199135	2307150372
R2d1.1	15	20074969	22130086	16	2055117	0.03125	0.00077	0.77679	6	5.98205	0	0.91	0.14871	0.9854	0	0.635596533465944	4	NA	q11.1-q11.2	2327360688	2329415805
R2d1.1	15	22345884	31413282	113	9067398	0.01176	0.00338	0.55168	2	2.08827	0	1	1	1	0	0.141903584652286	0	NA	q11.2-q13.3	2329631603	2338699001
R2d1.1	15	31489259	90575707	1097	59086448	0.00377	0.02202	0.46041	1	1	0	1	1	1	0	-0.119008926070276	-1	NA	q13.3-q26.1	2338774978	2397861426
R2d1.1	15	90650834	102445766	158	11794932	0.00994	0.0044	0.5225	2	2	0	1	1	1	0	0.063502942306158	0	NA	q26.1-q26.3	2397936553	2409731485
R2d1.1	16	133256	21395474	709	21262218	0.00469	0.00792	0.45426	1	1	0	1	1	1	0	-0.138409820842695	-1	NA	p13.3-p12.2	2409950367	2431212585
R2d1.1	16	21470191	32005290	139	10535099	0.0106	0.00393	0.51745	2	2	0	1	1	1	0	0.0494913701651037	0	NA	p12.2-p11.2	2431287302	2441822401
R2d1.1	16	32080007	35205898	34	3125891	0.02144	0.00116	0.73887	5	5.0091	0	0.34	0.03643	0.88692	0	0.563392457774239	3	NA	p11.2-p11.1	2441897118	2445023009
R2d1.1	16	46611634	88496517	792	41884883	0.00444	0.01561	0.49514	2	1.9996	0	1	1	1	0	-0.0140915924250917	0	NA	q11.2-q24.2	2456428745	2498313628
R2d1.1	16	88496566	90219754	196	1723188	0.00893	0.00064	0.44071	1	1	0	1	1	1	0	-0.18209846220047	-1	NA	q24.2-q24.3	2498313677	2500036865
R2d1.1	17	74406	7962881	478	7888475	0.00572	0.00294	0.42534	1	0.99963	0	1	1	1	0	-0.233311559020653	-1	NA	p13.3-p13.1	2500246270	2508134745
R2d1.1	17	8038036	20288457	154	12250421	0.01007	0.00457	0.46217	1	1.00001	0	1	1	1	0	-0.113504479079875	-1	NA	p13.1-p11.2	2508209900	2520460321
R2d1.1	17	20363612	22039232	21	1675620	0.02728	0.00062	0.64662	4	3.99082	0	1	1	1	0	0.370990035921187	2	NA	p11.2	2520535476	2522211096
R2d1.1	17	25338203	81122952	1396	55784749	0.00335	0.02079	0.43215	1	1	0	1	1	1	0	-0.210395933668423	-1	NA	q11.1-q25.3	2525510067	2581294816
R2d1.1	18	235617	15334305	411	15098688	0.00617	0.00563	0.47977	1	1.11043	0	1	1	1	0	-0.0595851461021455	-1	NA	p11.32-p11.21	2581602691	2596701379
R2d1.1	18	18740493	77941934	777	59201441	0.00448	0.02206	0.50069	2	1.99999	0	1	1	1	0	0.0019895466847376	0	NA	q11.1-q23	2600107567	2659309008
R2d1.1	19	132118	8848378	164	8716260	0.00976	0.00325	0.44695	1	1	0	1	1	1	0	-0.161814647789121	-1	NA	p13.3-p13.2	2659576440	2668292700
R2d1.1	19	8959606	8987340	63	27734	0.01575	1e-05	0.37005	0	0	0	1	1	1	1	-0.43420787852817	-2	NA	p13.2	2668403928	2668431662
R2d1.1	19	8992984	9028309	189	35325	0.00909	1e-05	0.52163	2	2	0	1	1	1	0	0.0610987493875677	0	NA	p13.2	2668437306	2668472631
R2d1.1	19	9028355	17005241	1034	7976886	0.00389	0.00297	0.4482	1	1	0	1	1	1	0	-0.157785446039056	-1	NA	p13.2-p13.11	2668472677	2676449563
R2d1.1	19	17006967	18094594	164	1087627	0.00976	0.00041	0.39352	0	4e-05	0	1	1	1	1	-0.345491134713484	-2	NA	p13.11	2676451289	2677538916
R2d1.1	19	18168179	24556146	85	6387967	0.01356	0.00238	0.50772	2	1.99999	0	1	1	1	0	0.0221049966406947	0	NA	p13.11-p11	2677612501	2684000468
R2d1.1	19	27956429	35161023	165	7204594	0.00973	0.00268	0.49192	2	1.99313	0	1	1	1	0	-0.0235043829563243	0	NA	q11-q13.11	2687400751	2694605345
R2d1.1	19	35235708	59043445	352	23807737	0.00666	0.00887	0.44147	1	1	0	1	1	1	0	-0.179612691717503	-1	NA	q13.11-q13.43	2694680030	2718487767
R2d1.1	20	135987	26244187	345	26108200	0.00673	0.00973	0.51699	2	2	0	1	1	1	0	0.0482082802564522	0	NA	p13-p11.1	2718709292	2744817492
R2d1.1	20	29478403	62935280	537	33456877	0.00539	0.01247	0.5001	2	1.99998	0	1	1	1	0	0.000288510158123553	0	NA	q11.21-q13.33	2748051708	2781508585
R2d1.1	21	14413813	33961561	261	19547748	0.00774	0.00728	0.53407	2	2	0	1	1	1	0	0.0951007519586771	0	NA	q11.2-q22.11	2796012638	2815560386
R2d1.1	21	34036744	47895293	214	13858549	0.00854	0.00516	0.45382	1	1	0	1	1	1	0	-0.139807904420506	-1	NA	q22.11-q22.3	2815635569	2829494118
R2d1.1	22	16131356	18907426	28	2776070	0.02362	0.00103	0.5299	2	2.00017	0	1	1	1	0	0.0837920324938865	0	NA	q11.1-q11.21	2845860076	2848636146
R2d1.1	22	18983688	51175001	480	32191313	0.00571	0.012	0.44928	1	1	0	1	1	1	0	-0.154313254132251	-1	NA	q11.21-q13.33	2848712408	2880903721
R3d1.1	1	93709	7656059	122	7562350	0.01132	0.00282	0.4559	3	2.87699	0	1	1	1	0	-0.133210685684684	-1	NA	p36.33-p36.23	93709	7656059
R3d1.1	1	7730758	17371380	348	9640622	0.0067	0.00359	0.42167	2	1.99998	0	1	1	1	0	-0.245813711142768	-2	NA	p36.23-p36.13	7730758	17371380
R3d1.1	1	17380428	39020447	490	21640019	0.00565	0.00806	0.46272	3	2.99583	0	1	1	1	0	-0.111788637485694	-1	Loss_1p36.11	p36.13-p34.3	17380428	39020447
R3d1.1	1	39096008	46629116	683	7533108	0.00478	0.00281	0.44479	2	2.08067	0	1	1	1	0	-0.168803741881213	-2	NA	p34.3-p34.1	39096008	46629116
R3d1.1	1	46704140	103352580	764	56648440	0.00452	0.02111	0.46632	3	2.9993	0	1	1	1	0	-0.100607788130311	-1	NA	p34.1-p21.1	46704140	103352580
R3d1.1	1	103354135	103478037	119	123902	0.01146	5e-05	0.37196	1	1.0001	0	1	1	1	0	-0.426780610393916	-3	NA	p21.1	103354135	103478037
R3d1.1	1	103480058	121286065	331	17806007	0.00687	0.00664	0.49175	3	3.1191	0	1	1	1	0	-0.0240030423835568	-1	NA	p21.1-p11.2	103480058	121286065
R3d1.1	1	142874392	145321921	16	2447529	0.03125	0.00091	0.67511	7	7.47454	0	1	1	1	0	0.433194493979929	3	NA	q21.1	142874392	145321921
R3d1.1	1	145394877	151547352	110	6152475	0.01192	0.00229	0.41171	2	1.99675	0	1	1	1	0	-0.28029960426753	-2	NA	q21.1-q21.3	145394877	151547352
R3d1.1	1	151623349	152085236	92	461887	0.01303	0.00017	0.59866	6	5.94783	0	1	1	1	0	0.259808783622116	2	NA	q21.3	151623349	152085236
R3d1.1	1	152085283	185815243	845	33729960	0.0043	0.01257	0.47257	3	2.99998	0	1	1	1	0	-0.0814000487854827	-1	NA	q21.3-q31.1	152085283	185815243
R3d1.1	1	185824416	186645717	440	821301	0.00596	0.00031	0.50614	4	3.98541	0	1	1	1	0	0.0176083994578216	0	NA	q31.1	185824416	186645717
R3d1.1	1	186645763	215924304	523	29278541	0.00547	0.01091	0.45141	3	2.62678	0	1	1	1	0	-0.147489716254359	-1	NA	q31.1-q41	186645763	215924304
R3d1.1	1	215931921	218607456	301	2675535	0.0072	0.001	0.49983	4	3.80149	0	1	1	1	0	-0.000490599720581671	0	NA	q41	215931921	218607456
R3d1.1	1	218681947	228404958	177	9723011	0.0094	0.00362	0.47342	3	3	0	1	1	1	0	-0.0788074397414689	-1	NA	q41-q42.13	218681947	228404958
R3d1.1	1	228407055	228462118	76	55063	0.01434	2e-05	0.62677	6	6.18463	0	1	1	1	0	0.326008032774093	2	NA	q42.13	228407055	228462118
R3d1.1	1	228462300	228470958	68	8658	0.01516	0	0.41268	2	1.9964	0	1	1	1	0	-0.276904573188865	-2	NA	q42.13	228462300	228470958
R3d1.1	1	228471244	228493062	85	21818	0.01356	1e-05	0.57312	5	5.00438	0	1	1	1	0	0.196909147549149	1	NA	q42.13	228471244	228493062
R3d1.1	1	228494098	240255640	475	11761542	0.00574	0.00438	0.44798	2	2.27134	0	1	1	1	0	-0.158493770070771	-2	NA	q42.13-q43	228494098	240255640
R3d1.1	1	240255695	249149416	279	8893721	0.00748	0.00331	0.49295	3	3.18613	0	1	1	1	0	-0.0204867736599173	-1	NA	q43-q44	240255695	249149416
R3d1.1	2	86985	22902297	297	22815312	0.00725	0.0085	0.55988	5	4.9992	0	1	1	1	0	0.163189550217713	1	NA	p25.3-p24.1	249337606	272152918
R3d1.1	2	22977240	44485825	282	21508585	0.00744	0.00801	0.50073	4	3.85261	0	1	1	1	0	0.0021047986303075	0	NA	p24.1-p21	272227861	293736446
R3d1.1	2	44560767	92106651	769	47545884	0.00451	0.01772	0.5422	4	4.44252	0	1	1	1	0	0.116897018288262	0	NA	p21-p11.1	293811388	341357272
R3d1.1	2	95400201	113608320	346	18208119	0.00672	0.00679	0.52737	4	4.00141	0	1	1	1	0	0.0768874094166622	0	NA	q11.1-q13	344650822	362858941
R3d1.1	2	113682908	140497496	448	26814588	0.00591	0.00999	0.5722	5	5.00062	0	1	1	1	0	0.194591402773734	1	Gain_2q14.3	q13-q22.1	362933529	389748117
R3d1.1	2	140572232	243025566	1985	102453334	0.00281	0.03818	0.54156	4	4.37441	0	1	1	1	0	0.115193089496832	0	NA	q22.1-q37.3	389822853	492276187
R3d1.1	3	135374	46381819	671	46246445	0.00483	0.01723	0.42899	2	2.00007	0	1	1	1	0	-0.220984076809529	-2	Loss_3p25.3	p26.3-p21.31	492585368	538831813
R3d1.1	3	46456952	53536558	453	7079606	0.00587	0.00264	0.38347	1	1.0028	0	1	1	1	0	-0.382814379073567	-3	NA	p21.31-p21.1	538906946	545986552
R3d1.1	3	53611310	90429560	485	36818250	0.00568	0.01372	0.43515	2	2.00135	0	1	1	1	0	-0.200415298630296	-2	NA	p21.1-p11.1	546061304	582879554
R3d1.1	3	93580592	184715324	1629	91134732	0.0031	0.03396	0.43347	2	2.00043	0	1	1	1	0	-0.205995945382358	-2	NA	q11.1-q27.2	586030586	677165318
R3d1.1	3	184790163	197887091	173	13096928	0.0095	0.00488	0.40565	2	1.9757	0	1	1	1	0	-0.301692606485373	-2	NA	q27.2-q29	677240157	690337085
R3d1.1	4	88952	49263653	642	49174701	0.00493	0.01832	0.42141	2	1.99998	0	1	1	1	0	-0.246703545375634	-2	NA	p16.3-p11	690561376	739736077
R3d1.1	4	52735917	172579069	1980	119843152	0.00281	0.04466	0.43215	2	2.00023	0	1	1	1	0	-0.210395933668423	-2	NA	q12-q34.1	743208341	863051493
R3d1.1	4	172654075	190969597	612	18315522	0.00505	0.00683	0.47418	3	3.00003	0	1	1	1	0	-0.0764932808850506	-1	Loss_4q34.3	q34.1-q35.2	863126499	881442021
R3d1.1	5	85674	38434293	744	38348619	0.00458	0.01429	0.70251	8	7.99999	0	1	1	1	0	0.490590666884247	4	NA	p15.33-p13.1	881712374	920060993
R3d1.1	5	38509035	42020783	134	3511748	0.0108	0.00131	0.62811	6	6.21009	0	1	1	1	0	0.329089143461301	2	NA	p13.1	920135735	923647483
R3d1.1	5	42095094	46330831	58	4235737	0.01641	0.00158	0.77998	10	9.9247	0	1	1	1	0	0.641509036432721	6	NA	p13.1-p11	923721794	927957531
R3d1.1	5	49630948	126167327	1214	76536379	0.00359	0.02852	0.70364	8	8	0	1	1	1	0	0.492909403501448	4	NA	q11.1-q23.2	931257648	1007794027
R3d1.1	5	126242448	127948553	246	1706105	0.00797	0.00064	0.74401	9	8.98969	0	1	1	1	0	0.573393917378007	5	NA	q23.2-q23.3	1007869148	1009575253
R3d1.1	5	128023298	180732369	1107	52709071	0.00376	0.01964	0.70178	8	7.99998	0	1	1	1	0	0.489090738130621	4	Gain_5q35.3	q23.3-q35.3	1009649998	1062359069
R3d1.1	6	135324	28568390	378	28433066	0.00643	0.0106	0.46781	3	2.99947	0	1	1	1	0	-0.0960053935300464	-1	NA	p25.3-p22.1	1062677284	1091110350
R3d1.1	6	29017332	30459425	26	1442093	0.02451	0.00054	0.24435	0	0	1	NA	0.01	1	1	-1.03297899030278	-4	NA	p22.1-p21.33	1091559292	1093001385
R3d1.1	6	31158802	32634335	59	1475533	0.01627	0.00055	0.47028	3	2.99661	0	1	1	1	0	-0.088408116113446	-1	NA	p21.33-p21.32	1093700762	1095176295
R3d1.1	6	32634386	33052966	26	418580	0.02451	0.00016	0.2908	0	0.00018	1	NA	0.01	1	1	-0.781900825629855	-4	NA	p21.32	1095176346	1095594926
R3d1.1	6	33067328	49227212	213	16159884	0.00856	0.00602	0.44037	2	2.01867	0	1	1	1	0	-0.183211905561459	-2	NA	p21.32-p12.3	1095609288	1111769172
R3d1.1	6	49302233	58539101	237	9236868	0.00812	0.00344	0.51631	4	3.99969	0	1	1	1	0	0.0463094459016178	0	NA	p12.3-p11.2	1111844193	1121081061
R3d1.1	6	61942522	170982159	2590	109039637	0.00246	0.04063	0.47708	3	3.00012	0	1	1	1	0	-0.0676968875121398	-1	Loss_6q22.33	q11.1-q27	1124484482	1233524119
R3d1.1	7	121242	4839122	63	4717880	0.01575	0.00176	0.63794	7	6.86657	0	1	1	1	0	0.351492646072989	3	NA	p22.3-p22.1	1233778269	1238496149
R3d1.1	7	4839270	4876205	60	36935	0.01614	1e-05	0.44368	2	2.12286	0	1	1	1	0	-0.172408573397333	-2	NA	p22.1	1238496297	1238533232
R3d1.1	7	4896738	48232683	606	43335945	0.00508	0.01615	0.65761	7	7.00012	0	1	1	1	0	0.395304142758627	3	NA	p22.1-p12.3	1238553765	1281889710
R3d1.1	7	48237835	57978903	475	9741068	0.00574	0.00363	0.68482	8	7.95661	0	1	1	1	0	0.453796741021496	4	NA	p12.3-p11.2	1281894862	1291635930
R3d1.1	7	61118627	82478281	326	21359654	0.00692	0.00796	0.63508	7	6.79342	0	1	1	1	0	0.345010242404697	3	NA	q11.1-q21.11	1294775654	1316135308
R3d1.1	7	82487867	82595778	214	107911	0.00854	4e-05	0.69926	8	7.99982	0	1	1	1	0	0.483900885701484	4	NA	q21.11	1316144894	1316252805
R3d1.1	7	82679688	100674512	837	17994824	0.00432	0.00671	0.62947	6	6.24496	0	1	1	1	0	0.332209527087788	2	NA	q21.11-q22.1	1316336715	1334331539
R3d1.1	7	100674920	100687060	243	12140	0.00802	0	0.8622	12	11.534	1	0.51	0.06539	0.94323	0	0.786094467629043	8	NA	q22.1	1334331947	1334344087
R3d1.1	7	100691270	103584984	73	2893714	0.01463	0.00108	0.55271	5	4.94424	0	1	1	1	0	0.14459462010708	1	NA	q22.1	1334348297	1337242011
R3d1.1	7	103658909	141740644	769	38081735	0.00451	0.01419	0.65411	7	6.99998	0	1	1	1	0	0.387605175560708	3	Gain_7q22.3	q22.1-q34	1337315936	1375397671
R3d1.1	7	141747578	141765262	57	17684	0.01656	1e-05	0.76028	9	9.04686	0	1	1	1	0	0.604602745007057	5	NA	q34	1375404605	1375422289
R3d1.1	7	141765370	141784442	57	19072	0.01656	1e-05	0.47728	3	3.00347	0	1	1	1	0	-0.0670922121015993	-1	NA	q34	1375422397	1375441469
R3d1.1	7	141785636	151851534	274	10065898	0.00755	0.00375	0.649	7	6.99917	0	1	1	1	0	0.376290383337052	3	NA	q34-q36.1	1375442663	1385508561
R3d1.1	7	151852974	151949193	230	96219	0.00824	4e-05	0.57838	5	5.01187	0	1	1	1	0	0.210089570818531	1	NA	q36.1	1385510001	1385606220
R3d1.1	7	151949621	159053835	130	7104214	0.01096	0.00265	0.64296	7	6.9831	0	1	1	1	0	0.362800892126723	3	NA	q36.1-q36.3	1385606648	1392710862
R3d1.1	8	83607	6929902	139	6846295	0.0106	0.00255	0.46297	3	2.9904	0	1	1	1	0	-0.111009383590781	-1	Loss_8p23.2	p23.3-p23.1	1392879297	1399725592
R3d1.1	8	7007651	43613060	475	36605409	0.00574	0.01364	0.41934	2	1.99995	0	1	1	1	0	-0.253807642358122	-2	NA	p23.1-p11.1	1399803341	1436408750
R3d1.1	8	47064138	77539599	414	30475461	0.00614	0.01136	0.43709	2	2.00337	0	1	1	1	0	-0.193997723204965	-2	NA	q11.1-q21.11	1439859828	1470335289
R3d1.1	8	77616348	77776581	219	160233	0.00845	6e-05	0.48146	3	3.00236	0	1	1	1	0	-0.0545121518524168	-1	NA	q21.11	1470412038	1470572271
R3d1.1	8	77776629	110393763	445	32617134	0.00593	0.01215	0.44742	2	2.22664	0	1	1	1	0	-0.160298347529416	-2	NA	q21.11-q23.1	1470572319	1503189453
R3d1.1	8	110394685	114525028	652	4130343	0.0049	0.00154	0.44424	2	2.06443	0	1	1	1	0	-0.170588793845081	-2	NA	q23.1-q23.3	1503190375	1507320718
R3d1.1	8	114600421	144601824	433	30001403	0.00601	0.01118	0.42667	2	2.00003	0	1	1	1	0	-0.228807419484901	-2	NA	q23.3-q24.3	1507396111	1537397514
R3d1.1	8	144679424	146230986	369	1551562	0.00651	0.00058	0.39871	2	1.69113	0	1	1	1	0	-0.3265883050287	-2	NA	q24.3	1537475114	1539026676
R3d1.1	9	86126	21815440	498	21729314	0.0056	0.0081	0.48562	3	3.00857	0	1	1	1	0	-0.0421002554464786	-1	Loss_9p21.3	p24.3-p21.3	1539245838	1560975152
R3d1.1	9	21815492	24918194	89	3102702	0.01325	0.00116	0.56323	5	4.99867	0	1	1	1	0	0.171796085143505	1	NA	p21.3	1560975204	1564077906
R3d1.1	9	24993041	47238907	259	22245866	0.00777	0.00829	0.46153	3	2.99024	0	1	1	1	0	-0.115503667071475	-1	Loss_9p21.3	p21.3-p11.2	1564152753	1586398619
R3d1.1	9	65543125	111499982	996	45956857	0.00396	0.01713	0.47421	3	3.00002	0	1	1	1	0	-0.0764020086210218	-1	NA	q12-q31.3	1604702837	1650659694
R3d1.1	9	111575147	135696172	316	24121025	0.00703	0.00899	0.46749	3	2.9993	0	1	1	1	0	-0.0969925900041148	-1	NA	q31.3-q34.13	1650734859	1674855884
R3d1.1	9	135771651	135786079	55	14428	0.01685	1e-05	0.37415	1	1.0056	0	1	1	1	0	-0.418311319771355	-3	NA	q34.13	1674931363	1674945791
R3d1.1	9	135786384	141078492	102	5292108	0.01238	0.00197	0.46846	3	2.99789	0	1	1	1	0	-0.0940022279320127	-1	NA	q34.13-q34.3	1674946096	1680238204
R3d1.1	10	135526	38940611	770	38805085	0.0045	0.01446	0.41054	2	1.9976	0	1	1	1	0	-0.284405300435483	-2	NA	p15.3-p11.1	1680508669	1719313754
R3d1.1	10	42818106	68507299	314	25689193	0.00705	0.00957	0.4157	2	1.99966	0	1	1	1	0	-0.266385346925077	-2	NA	q11.21-q21.3	1723191249	1748880442
R3d1.1	10	68582444	79027624	140	10445180	0.01056	0.00389	0.37472	1	1.0004	0	1	1	1	0	-0.416115113935597	-3	NA	q21.3-q22.3	1748955587	1759400767
R3d1.1	10	79102769	135299720	927	56196951	0.00411	0.02094	0.4249	2	2.00001	0	1	1	1	0	-0.234804751236163	-2	NA	q22.3-q26.3	1759475912	1815672863
R3d1.1	11	139197	1263713	149	1124516	0.01024	0.00042	0.48798	3	3.03807	0	1	1	1	0	-0.0351060751567876	-1	NA	p15.5	1816047087	1817171603
R3d1.1	11	1263763	1276289	195	12526	0.00895	0	0.67793	8	7.52653	0	1	1	1	0	0.439208219969095	4	NA	p15.5	1817171653	1817184179
R3d1.1	11	1276336	6550322	175	5273986	0.00945	0.00197	0.43398	2	2.00182	0	1	1	1	0	-0.204299537391973	-2	NA	p15.5-p15.4	1817184226	1822458212
R3d1.1	11	6554241	51342530	883	44788289	0.00421	0.01669	0.47927	3	3.00042	0	1	1	1	0	-0.0610894578843468	-1	NA	p15.4-p11.12	1822462131	1867250420
R3d1.1	11	54769677	91560260	656	36790583	0.00488	0.01371	0.46639	3	2.99928	0	1	1	1	0	-0.100391239250055	-1	NA	q11-q14.3	1870677567	1907468150
R3d1.1	11	91635189	93012058	301	1376869	0.0072	0.00051	0.52723	4	4.00145	0	1	1	1	0	0.0765043688194481	0	NA	q14.3-q21	1907543079	1908919948
R3d1.1	11	93089507	134871978	1098	41782471	0.00377	0.01557	0.47731	3	3.00016	0	1	1	1	0	-0.0670015326449929	-1	NA	q21-q25	1908997397	1950779868
R3d1.1	12	77870	11399949	267	11322079	0.00765	0.00422	0.53931	4	4.18829	0	1	1	1	0	0.109186689965476	0	NA	p13.33-p13.2	1950992276	1962314355
R3d1.1	12	11474788	34780948	345	23306160	0.00673	0.00868	0.61162	6	6.00011	0	1	1	1	0	0.29070748877187	2	Gain_12p11.21	p13.2-p11.1	1962389194	1985695354
R3d1.1	12	37933893	49422607	386	11488714	0.00636	0.00428	0.59924	6	5.98684	0	1	1	1	0	0.261205833775055	2	NA	q11-q13.12	1988848299	2000337013
R3d1.1	12	49422658	49433747	134	11089	0.0108	0	0.47447	3	3.00015	0	1	1	1	0	-0.075611224120405	-1	NA	q13.12	2000337064	2000348153
R3d1.1	12	49433798	49436086	41	2288	0.01952	0	0.35688	1	0.97411	0	1	1	1	0	-0.486489041663237	-3	NA	q13.12	2000348204	2000350492
R3d1.1	12	49436338	57131167	352	7694829	0.00666	0.00287	0.50895	4	3.99511	0	1	1	1	0	0.0255958358826835	0	NA	q13.12-q13.3	2000350744	2008045573
R3d1.1	12	57209369	77848485	625	20639116	0.005	0.00769	0.58362	5	5.07944	0	1	1	1	0	0.223101228749553	1	NA	q13.3-q21.2	2008123775	2028762891
R3d1.1	12	77923732	78591009	166	667277	0.0097	0.00025	0.63411	7	6.70757	0	1	1	1	0	0.342805033630392	3	NA	q21.2	2028838138	2029505415
R3d1.1	12	78591056	119887595	570	41296539	0.00524	0.01539	0.58634	5	5.22501	0	1	1	1	0	0.229809385577509	1	NA	q21.2-q24.23	2029505462	2070802001
R3d1.1	12	119962872	125550489	596	5587617	0.00512	0.00208	0.54183	4	4.40019	0	1	1	1	0	0.115912179887374	0	NA	q24.23-q24.31	2070877278	2076464895
R3d1.1	12	125625815	133767545	107	8141730	0.01208	0.00303	0.57822	5	5.01856	0	1	1	1	0	0.209690416040709	1	NA	q24.31-q24.33	2076540221	2084681951
R3d1.1	13	19095546	101509636	1097	82414090	0.00377	0.03071	0.53001	4	4.003	0	1	1	1	0	0.0840914851928278	0	NA	q11-q32.3	2103861847	2186275937
R3d1.1	13	101584501	115017146	598	13432645	0.00511	0.00501	0.57546	5	5.0023	0	1	1	1	0	0.202787555786021	1	NA	q32.3-q34	2186350802	2199783447
R3d1.1	14	19075426	20124390	15	1048964	0.03227	0.00039	0.70169	8	7.96745	0	1	1	1	0	0.488905707379899	4	NA	q11.1-q11.2	2219011605	2220060569
R3d1.1	14	20199315	79348625	821	59149310	0.00436	0.02204	0.40943	2	1.99607	0	1	1	1	0	-0.28831127863855	-2	Loss_14q31.1	q11.2-q31.1	2220135494	2279284804
R3d1.1	14	79423565	83187565	107	3764000	0.01208	0.0014	0.4962	3	3.45401	0	1	1	1	0	-0.0110063596570186	-1	NA	q31.1	2279359744	2283123744
R3d1.1	14	83262956	107214193	321	23951237	0.00698	0.00893	0.40983	2	1.99604	0	1	1	1	0	-0.286902499832772	-2	Loss_14q31.1	q31.1-q32.33	2283199135	2307150372
R3d1.1	15	20074969	22130086	16	2055117	0.03125	0.00077	0.69308	8	7.91114	0	1	1	1	0	0.471093792744951	4	NA	q11.1-q11.2	2327360688	2329415805
R3d1.1	15	22345884	31413282	113	9067398	0.01176	0.00338	0.5177	4	3.99949	0	1	1	1	0	0.0501882233114782	0	NA	q11.2-q13.3	2329631603	2338699001
R3d1.1	15	31489259	90575707	1097	59086448	0.00377	0.02202	0.45081	3	2.56919	0	1	1	1	0	-0.149408576736598	-1	NA	q13.3-q26.1	2338774978	2397861426
R3d1.1	15	90650834	102445766	158	11794932	0.00994	0.0044	0.51918	4	3.99992	0	1	1	1	0	0.0543067136103791	0	NA	q26.1-q26.3	2397936553	2409731485
R3d1.1	16	133256	21395474	709	21262218	0.00469	0.00792	0.48839	3	3.02645	0	1	1	1	0	-0.0338944340749597	-1	NA	p13.3-p12.2	2409950367	2431212585
R3d1.1	16	21470191	32005290	139	10535099	0.0106	0.00393	0.54145	4	4.35586	0	1	1	1	0	0.11490002395719	0	NA	p12.2-p11.2	2431287302	2441822401
R3d1.1	16	32080007	35205898	34	3125891	0.02144	0.00116	0.7507	9	8.91777	0	1	1	1	0	0.586308388109527	5	NA	p11.2-p11.1	2441897118	2445023009
R3d1.1	16	46611634	88496517	792	41884883	0.00444	0.01561	0.51799	4	3.99996	0	1	1	1	0	0.0509961515000131	0	NA	q11.2-q24.2	2456428745	2498313628
R3d1.1	16	88496566	90219754	196	1723188	0.00893	0.00064	0.48166	3	3.00283	0	1	1	1	0	-0.0539129762308427	-1	NA	q24.2-q24.3	2498313677	2500036865
R3d1.1	17	74406	7962881	478	7888475	0.00572	0.00294	0.4163	2	1.99979	0	1	1	1	0	-0.264304536409231	-2	NA	p13.3-p13.1	2500246270	2508134745
R3d1.1	17	8038036	20288457	154	12250421	0.01007	0.00457	0.46629	3	2.99752	0	1	1	1	0	-0.100700604744419	-1	NA	p13.1-p11.2	2508209900	2520460321
R3d1.1	17	20363612	22039232	21	1675620	0.02728	0.00062	0.58711	5	5.28231	0	1	1	1	0	0.231702734831289	1	NA	p11.2	2520535476	2522211096
R3d1.1	17	25338203	81122952	1396	55784749	0.00335	0.02079	0.42464	2	2	0	1	1	1	0	-0.235687819066618	-2	NA	q11.1-q25.3	2525510067	2581294816
R3d1.1	18	235617	15334305	411	15098688	0.00617	0.00563	0.42202	2	1.99999	0	1	1	1	0	-0.244616723402538	-2	NA	p11.32-p11.21	2581602691	2596701379
R3d1.1	18	18740493	77941934	777	59201441	0.00448	0.02206	0.42735	2	2.00003	0	1	1	1	0	-0.226509972504442	-2	NA	q11.1-q23	2600107567	2659309008
R3d1.1	19	132118	8848378	164	8716260	0.00976	0.00325	0.48501	3	3.01196	0	1	1	1	0	-0.0439136016047527	-1	NA	p13.3-p13.2	2659576440	2668292700
R3d1.1	19	8959606	8987340	63	27734	0.01575	1e-05	0.38829	1	1.18092	0	1	1	1	0	-0.364793542253856	-3	NA	p13.2	2668403928	2668431662
R3d1.1	19	8992984	9028309	189	35325	0.00909	1e-05	0.60148	6	5.99118	0	1	1	1	0	0.266588671806546	2	NA	p13.2	2668437306	2668472631
R3d1.1	19	9028355	17005241	1034	7976886	0.00389	0.00297	0.49875	4	3.74597	0	1	1	1	0	-0.00361125355237884	0	NA	p13.2-p13.11	2668472677	2676449563
R3d1.1	19	17006967	18094594	164	1087627	0.00976	0.00041	0.42635	2	2.0001	0	1	1	1	0	-0.229889838266972	-2	NA	p13.11	2676451289	2677538916
R3d1.1	19	18168179	24556146	85	6387967	0.01356	0.00238	0.53056	4	4.01616	0	1	1	1	0	0.0855878170589387	0	NA	p13.11-p11	2677612501	2684000468
R3d1.1	19	27956429	35161023	165	7204594	0.00973	0.00268	0.51602	4	3.99943	0	1	1	1	0	0.0454988880899426	0	NA	q11-q13.11	2687400751	2694605345
R3d1.1	19	35235708	59043445	352	23807737	0.00666	0.00887	0.50045	4	3.84477	0	1	1	1	0	0.00129784159564679	0	NA	q13.11-q13.43	2694680030	2718487767
R3d1.1	20	135987	26244187	345	26108200	0.00673	0.00973	0.53752	4	4.0957	0	1	1	1	0	0.104390340491972	0	NA	p13-p11.1	2718709292	2744817492
R3d1.1	20	29478403	62935280	537	33456877	0.00539	0.01247	0.51911	4	3.99998	0	1	1	1	0	0.0541121848120371	0	NA	q11.21-q13.33	2748051708	2781508585
R3d1.1	21	14413813	33961561	261	19547748	0.00774	0.00728	0.5126	4	3.99866	0	1	1	1	0	0.0359053837421279	0	NA	q11.2-q22.11	2796012638	2815560386
R3d1.1	21	34036744	47895293	214	13858549	0.00854	0.00516	0.49841	4	3.67767	0	1	1	1	0	-0.00459508028612529	0	NA	q22.11-q22.3	2815635569	2829494118
R3d1.1	22	16131356	18907426	28	2776070	0.02362	0.00103	0.60003	6	5.83196	0	1	1	1	0	0.263106538782529	2	NA	q11.1-q11.21	2845860076	2848636146
R3d1.1	22	18983688	51175001	480	32191313	0.00571	0.012	0.49655	4	3.51141	0	1	1	1	0	-0.00998909793909982	0	NA	q11.21-q13.33	2848712408	2880903721
R1d1.1	1	93709	7656059	122	7562350	0.01132	0.00282	0.43065	1	1.00004	0	1	1	1	0	-0.215412263621112	-1	NA	p36.33-p36.23	93709	7656059
R1d1.1	1	7730758	17371380	348	9640622	0.0067	0.00359	0.35365	0	0	0	1	1	1	1	-0.499605833584205	-2	NA	p36.23-p36.13	7730758	17371380
R1d1.1	1	17380428	39020447	490	21640019	0.00565	0.00806	0.40051	1	0.99995	0	1	1	1	0	-0.320089830355	-1	Loss_1p36.11	p36.13-p34.3	17380428	39020447
R1d1.1	1	39096008	46629116	683	7533108	0.00478	0.00281	0.34558	0	0	0	1	1	1	1	-0.5329083690982	-2	NA	p34.3-p34.1	39096008	46629116
R1d1.1	1	46704140	103352580	764	56648440	0.00452	0.02111	0.46435	2	1.99978	0	1	1	1	0	-0.106715459969728	0	NA	p34.1-p21.1	46704140	103352580
R1d1.1	1	103354135	103478037	119	123902	0.01146	5e-05	0.49486	2	2	0	1	1	1	0	-0.0149076623689703	0	NA	p21.1	103354135	103478037
R1d1.1	1	103480058	121286065	331	17806007	0.00687	0.00664	0.49727	2	2	0	1	1	1	0	-0.00789869804540933	0	NA	p21.1-p11.2	103480058	121286065
R1d1.1	1	142874392	145321921	16	2447529	0.03125	0.00091	0.6095	4	3.99183	0	1	1	1	0	0.285698125958125	2	NA	q21.1	142874392	145321921
R1d1.1	1	145394877	151547352	110	6152475	0.01192	0.00229	0.39224	1	0.9834	0	1	1	1	0	-0.350191428151126	-1	NA	q21.1-q21.3	145394877	151547352
R1d1.1	1	151623349	152085236	92	461887	0.01303	0.00017	0.65261	5	4.77855	0	1	1	1	0	0.384292999253839	3	NA	q21.3	151623349	152085236
R1d1.1	1	152085283	185815243	845	33729960	0.0043	0.01257	0.4712	2	2	0	1	1	1	0	-0.0855885557189887	0	NA	q21.3-q31.1	152085283	185815243
R1d1.1	1	185824416	186645717	440	821301	0.00596	0.00031	0.55436	3	3	0	1	1	1	0	0.148895068281223	1	NA	q31.1	185824416	186645717
R1d1.1	1	186645763	215924304	523	29278541	0.00547	0.01091	0.48575	2	2	0	1	1	1	0	-0.0417140990767425	0	NA	q31.1-q41	186645763	215924304
R1d1.1	1	215931921	218607456	301	2675535	0.0072	0.001	0.59526	4	3.99924	0	1	1	1	0	0.251591857196615	2	NA	q41	215931921	218607456
R1d1.1	1	218681947	228404958	177	9723011	0.0094	0.00362	0.47388	2	2	0	1	1	1	0	-0.0774063212553069	0	NA	q41-q42.13	218681947	228404958
R1d1.1	1	228407055	228462118	76	55063	0.01434	2e-05	0.62058	4	4	0	1	1	1	0	0.31168910767414	2	NA	q42.13	228407055	228462118
R1d1.1	1	228462300	228470958	68	8658	0.01516	0	0.45228	2	1.67497	0	1	1	1	0	-0.144711894051299	0	NA	q42.13	228462300	228470958
R1d1.1	1	228471244	228493062	85	21818	0.01356	1e-05	0.569	3	3.00142	0	1	1	1	0	0.186500557644495	1	NA	q42.13	228471244	228493062
R1d1.1	1	228494098	240255640	475	11761542	0.00574	0.00438	0.47048	2	1.99999	0	1	1	1	0	-0.0877946992748798	0	NA	q42.13-q43	228494098	240255640
R1d1.1	1	240255695	249149416	279	8893721	0.00748	0.00331	0.57308	3	3.0026	0	1	1	1	0	0.196808453426555	1	NA	q43-q44	240255695	249149416
R1d1.1	2	86985	22902297	297	22815312	0.00725	0.0085	0.55744	3	3	0	1	1	1	0	0.156888434162053	1	NA	p25.3-p24.1	249337606	272152918
R1d1.1	2	22977240	44485825	282	21508585	0.00744	0.00801	0.45319	2	1.77335	0	1	1	1	0	-0.14181206759826	0	NA	p24.1-p21	272227861	293736446
R1d1.1	2	44560767	92106651	769	47545884	0.00451	0.01772	0.53222	3	2.99973	0	1	1	1	0	0.0900946307276911	1	NA	p21-p11.1	293811388	341357272
R1d1.1	2	95400201	113608320	346	18208119	0.00672	0.00679	0.49312	2	2	0	1	1	1	0	-0.0199893279220264	0	NA	q11.1-q13	344650822	362858941
R1d1.1	2	113682908	140497496	448	26814588	0.00591	0.00999	0.63051	4	4.00001	0	1	1	1	0	0.334591157245834	2	Gain_2q14.3	q13-q22.1	362933529	389748117
R1d1.1	2	140572232	243025566	1985	102453334	0.00281	0.03818	0.54435	3	3	0	1	1	1	0	0.122606462651041	1	NA	q22.1-q37.3	389822853	492276187
R1d1.1	3	135374	46381819	671	46246445	0.00483	0.01723	0.44795	1	1.11144	0	1	1	1	0	-0.158590386661895	-1	Loss_3p25.3	p26.3-p21.31	492585368	538831813
R1d1.1	3	46456952	53536558	453	7079606	0.00587	0.00264	0.32378	0	0	1	NA	0.01	1	1	-0.62691422225478	-2	NA	p21.31-p21.1	538906946	545986552
R1d1.1	3	53611310	90429560	485	36818250	0.00568	0.01372	0.43392	1	1.00002	0	1	1	1	0	-0.204499011300468	-1	NA	p21.1-p11.1	546061304	582879554
R1d1.1	3	93580592	184715324	1629	91134732	0.0031	0.03396	0.46911	2	1.99999	0	1	1	1	0	-0.0920018398504443	0	NA	q11.1-q27.2	586030586	677165318
R1d1.1	3	184790163	197887091	173	13096928	0.0095	0.00488	0.39691	1	0.99898	0	1	1	1	0	-0.333116183926118	-1	NA	q27.2-q29	677240157	690337085
R1d1.1	4	88952	49263653	642	49174701	0.00493	0.01832	0.49672	2	2	0	1	1	1	0	-0.00949525807814377	0	NA	p16.3-p11	690561376	739736077
R1d1.1	4	52735917	172579069	1980	119843152	0.00281	0.04466	0.50628	2	2.00018	0	1	1	1	0	0.0180073985036953	0	NA	q12-q34.1	743208341	863051493
R1d1.1	4	172654075	190969597	612	18315522	0.00505	0.00683	0.59382	4	3.99883	0	1	1	1	0	0.248097589570431	2	NA	q34.1-q35.2	863126499	881442021
R1d1.1	5	85674	38434293	744	38348619	0.00458	0.01429	0.6679	5	4.99999	0	1	1	1	0	0.417704019333249	3	NA	p15.33-p13.1	881712374	920060993
R1d1.1	5	38509035	42020783	134	3511748	0.0108	0.00131	0.52011	3	2.53521	0	1	1	1	0	0.0568886815811032	1	NA	p13.1	920135735	923647483
R1d1.1	5	42095094	46330831	58	4235737	0.01641	0.00158	0.70784	5	5.00452	0	1	1	1	0	0.501495195797895	3	NA	p13.1-p11	923721794	927957531
R1d1.1	5	49630948	126167327	1214	76536379	0.00359	0.02852	0.6037	4	4	0	1	1	1	0	0.271903706263275	2	NA	q11.1-q23.2	931257648	1007794027
R1d1.1	5	126242448	127948553	246	1706105	0.00797	0.00064	0.81377	7	7	0	1	1	1	0	0.702693000897816	5	NA	q23.2-q23.3	1007869148	1009575253
R1d1.1	5	128023298	180732369	1107	52709071	0.00376	0.01964	0.6486	4	4.39356	1	0.52	0.1656	0.85456	0	0.375400928906357	2	Gain_5q35.3	q23.3-q35.3	1009649998	1062359069
R1d1.1	6	135324	28568390	378	28433066	0.00643	0.0106	0.43419	1	1.00003	0	1	1	1	0	-0.203601595826392	-1	NA	p25.3-p22.1	1062677284	1091110350
R1d1.1	6	29017332	30459425	26	1442093	0.02451	0.00054	0.20694	0	0	1	NA	0.01	1	1	-1.2727155602548	-2	NA	p22.1-p21.33	1091559292	1093001385
R1d1.1	6	31158802	32634335	59	1475533	0.01627	0.00055	0.35638	0	2e-05	0	1	1	1	1	-0.488511719616869	-2	NA	p21.33-p21.32	1093700762	1095176295
R1d1.1	6	32634386	33052966	26	418580	0.02451	0.00016	0.24311	0	0	1	NA	0.01	1	1	-1.04031885699712	-2	NA	p21.32	1095176346	1095594926
R1d1.1	6	33067328	49227212	213	16159884	0.00856	0.00602	0.42511	1	1	0	1	1	1	0	-0.234091898529135	-1	NA	p21.32-p12.3	1095609288	1111769172
R1d1.1	6	49302233	58539101	237	9236868	0.00812	0.00344	0.51029	2	2.00467	0	1	1	1	0	0.0293892750503216	0	NA	p12.3-p11.2	1111844193	1121081061
R1d1.1	6	61942522	170982159	2590	109039637	0.00246	0.04063	0.49796	2	2	0	1	1	1	0	-0.00589823636778531	0	NA	q11.1-q27	1124484482	1233524119
R1d1.1	7	121242	4839122	63	4717880	0.01575	0.00176	0.55069	3	3	0	1	1	1	0	0.139312315886888	1	NA	p22.3-p22.1	1233778269	1238496149
R1d1.1	7	4839270	4876205	60	36935	0.01614	1e-05	0.40731	1	0.99994	0	1	1	1	0	-0.295800860037056	-1	NA	p22.1	1238496297	1238533232
R1d1.1	7	4896738	48232683	606	43335945	0.00508	0.01615	0.58943	4	3.98156	0	1	1	1	0	0.23739239575742	2	NA	p22.1-p12.3	1238553765	1281889710
R1d1.1	7	48237835	57978903	475	9741068	0.00574	0.00363	0.70052	5	5.00002	0	1	1	1	0	0.486498145617298	3	NA	p12.3-p11.2	1281894862	1291635930
R1d1.1	7	61118627	82478281	326	21359654	0.00692	0.00796	0.63812	4	4.00115	0	1	1	1	0	0.35189965688609	2	NA	q11.1-q21.11	1294775654	1316135308
R1d1.1	7	82487867	82595778	214	107911	0.00854	4e-05	0.77906	7	6.87146	1	0.52	0.12196	0.9037	0	0.639806348122373	5	NA	q21.11	1316144894	1316252805
R1d1.1	7	82679688	100674512	837	17994824	0.00432	0.00671	0.56924	3	3.00013	0	1	1	1	0	0.187108947465525	1	NA	q21.11-q22.1	1316336715	1334331539
R1d1.1	7	100674920	100687060	243	12140	0.00802	0	0.61506	4	4	0	1	1	1	0	0.298799059434769	2	NA	q22.1	1334331947	1334344087
R1d1.1	7	100691270	103584984	73	2893714	0.01463	0.00108	0.50292	2	2.00054	0	1	1	1	0	0.00840083241496383	0	NA	q22.1	1334348297	1337242011
R1d1.1	7	103658909	141740644	769	38081735	0.00451	0.01419	0.59173	4	3.99593	0	1	1	1	0	0.243010944959842	2	Gain_7q22.3	q22.1-q34	1337315936	1375397671
R1d1.1	7	141747578	141765262	57	17684	0.01656	1e-05	0.77046	6	6.15133	1	0.39	0.04564	0.88605	0	0.623791963345731	4	NA	q34	1375404605	1375422289
R1d1.1	7	141765370	141784442	57	19072	0.01656	1e-05	0.48724	2	2	0	1	1	1	0	-0.0372955186365327	0	NA	q34	1375422397	1375441469
R1d1.1	7	141785636	151851534	274	10065898	0.00755	0.00375	0.61124	4	4	0	1	1	1	0	0.289810862611583	2	NA	q34-q36.1	1375442663	1385508561
R1d1.1	7	151852974	151949193	230	96219	0.00824	4e-05	0.50337	2	2.00009	0	1	1	1	0	0.00969114199108147	0	NA	q36.1	1385510001	1385606220
R1d1.1	7	151949621	159053835	130	7104214	0.01096	0.00265	0.67073	5	4.99998	0	1	1	1	0	0.423804036587253	3	NA	q36.1-q36.3	1385606648	1392710862
R1d1.1	8	83607	6929902	139	6846295	0.0106	0.00255	0.58104	3	3.2381	0	1	1	1	0	0.216709390283281	1	NA	p23.3-p23.1	1392879297	1399725592
R1d1.1	8	7007651	43613060	475	36605409	0.00574	0.01364	0.45116	1	1.4959	0	1	1	1	0	-0.148288931316783	-1	NA	p23.1-p11.1	1399803341	1436408750
R1d1.1	8	47064138	77539599	414	30475461	0.00614	0.01136	0.50003	2	2.00001	0	1	1	1	0	8.655910570606e-05	0	NA	q11.1-q21.11	1439859828	1470335289
R1d1.1	8	77616348	77776581	219	160233	0.00845	6e-05	0.61994	4	4	0	1	1	1	0	0.310200498207001	2	NA	q21.11	1470412038	1470572271
R1d1.1	8	77776629	110393763	445	32617134	0.00593	0.01215	0.47751	2	2	0	1	1	1	0	-0.0663971485466337	0	NA	q21.11-q23.1	1470572319	1503189453
R1d1.1	8	110394685	114525028	652	4130343	0.0049	0.00154	0.56027	3	3	0	1	1	1	0	0.164194149760063	1	NA	q23.1-q23.3	1503190375	1507320718
R1d1.1	8	114600421	144601824	433	30001403	0.00601	0.01118	0.4672	2	1.99995	0	1	1	1	0	-0.0978878206694321	0	NA	q23.3-q24.3	1507396111	1537397514
R1d1.1	8	144679424	146230986	369	1551562	0.00651	0.00058	0.39799	1	0.9997	0	1	1	1	0	-0.329195913192948	-1	NA	q24.3	1537475114	1539026676
R1d1.1	9	86126	21815440	498	21729314	0.0056	0.0081	0.51513	2	2.0633	0	1	1	1	0	0.0430084668995505	0	NA	p24.3-p21.3	1539245838	1560975152
R1d1.1	9	21815492	24918194	89	3102702	0.01325	0.00116	0.65697	5	4.96272	0	1	1	1	0	0.393899397670282	3	NA	p21.3	1560975204	1564077906
R1d1.1	9	24993041	47238907	259	22245866	0.00777	0.00829	0.46275	2	1.99888	0	1	1	1	0	-0.111695104791513	0	NA	p21.3-p11.2	1564152753	1586398619
R1d1.1	9	65543125	111499982	996	45956857	0.00396	0.01713	0.48693	2	2	0	1	1	1	0	-0.0382137063815297	0	NA	q12-q31.3	1604702837	1650659694
R1d1.1	9	111575147	135696172	316	24121025	0.00703	0.00899	0.4138	1	1	0	1	1	1	0	-0.27299444968944	-1	NA	q31.3-q34.13	1650734859	1674855884
R1d1.1	9	135771651	135786079	55	14428	0.01685	1e-05	0.2901	0	0	1	NA	0.01	1	1	-0.785377799351452	-2	NA	q34.13	1674931363	1674945791
R1d1.1	9	135786384	141078492	102	5292108	0.01238	0.00197	0.4004	1	0.99965	0	1	1	1	0	-0.320486120713456	-1	NA	q34.13-q34.3	1674946096	1680238204
R1d1.1	10	135526	38940611	770	38805085	0.0045	0.01446	0.42279	1	1	0	1	1	1	0	-0.241986840969566	-1	NA	p15.3-p11.1	1680508669	1719313754
R1d1.1	10	42818106	68507299	314	25689193	0.00705	0.00957	0.45847	2	1.98765	0	1	1	1	0	-0.125100760777475	0	NA	q11.21-q21.3	1723191249	1748880442
R1d1.1	10	68582444	79027624	140	10445180	0.01056	0.00389	0.38339	0	0.40163	0	0.56	0.13173	0.93456	1	-0.38311538735067	-2	NA	q21.3-q22.3	1748955587	1759400767
R1d1.1	10	79102769	135299720	927	56196951	0.00411	0.02094	0.46739	2	1.99997	0	1	1	1	0	-0.0973012274862282	0	NA	q22.3-q26.3	1759475912	1815672863
R1d1.1	11	139197	1263713	149	1124516	0.01024	0.00042	0.46455	2	1.99926	0	1	1	1	0	-0.10609421115363	0	NA	p15.5	1816047087	1817171603
R1d1.1	11	1263763	1276289	195	12526	0.00895	0	0.60659	4	4	0	1	1	1	0	0.278793619577645	2	NA	p15.5	1817171653	1817184179
R1d1.1	11	1276336	6550322	175	5273986	0.00945	0.00197	0.4525	2	1.69448	0	1	1	1	0	-0.144010302691519	0	NA	p15.5-p15.4	1817184226	1822458212
R1d1.1	11	6554241	51342530	883	44788289	0.00421	0.01669	0.51285	2	2.01456	0	1	1	1	0	0.0366088286051014	0	NA	p15.4-p11.12	1822462131	1867250420
R1d1.1	11	54769677	91560260	656	36790583	0.00488	0.01371	0.48133	2	2	0	1	1	1	0	-0.0549017494935542	0	NA	q11-q14.3	1870677567	1907468150
R1d1.1	11	91635189	93012058	301	1376869	0.0072	0.00051	0.64752	4	4.24401	0	0.5	0.11766	0.87757	0	0.372996659232612	2	NA	q14.3-q21	1907543079	1908919948
R1d1.1	11	93089507	134871978	1098	41782471	0.00377	0.01557	0.47764	2	2	0	1	1	1	0	-0.0660044346137987	0	NA	q21-q25	1908997397	1950779868
R1d1.1	12	77870	11399949	267	11322079	0.00765	0.00422	0.5047	2	2.00017	0	1	1	1	0	0.0134979917489773	0	NA	p13.33-p13.2	1950992276	1962314355
R1d1.1	12	11474788	34780948	345	23306160	0.00673	0.00868	0.55436	3	3	0	1	1	1	0	0.148895068281223	1	Gain_12p11.21	p13.2-p11.1	1962389194	1985695354
R1d1.1	12	37933893	49422607	386	11488714	0.00636	0.00428	0.55317	3	3	0	1	1	1	0	0.145794822221385	1	NA	q11-q13.12	1988848299	2000337013
R1d1.1	12	49422658	49433747	134	11089	0.0108	0	0.42384	1	1	0	1	1	1	0	-0.23840834606719	-1	NA	q13.12	2000337064	2000348153
R1d1.1	12	49433798	49436086	41	2288	0.01952	0	0.33024	0	0	0	1	1	1	1	-0.598413219013558	-2	NA	q13.12	2000348204	2000350492
R1d1.1	12	49436338	57131167	352	7694829	0.00666	0.00287	0.45914	2	1.99208	0	1	1	1	0	-0.122993970639679	0	NA	q13.12-q13.3	2000350744	2008045573
R1d1.1	12	57209369	77848485	625	20639116	0.005	0.00769	0.5422	3	3	0	1	1	1	0	0.116897018288262	1	NA	q13.3-q21.2	2008123775	2028762891
R1d1.1	12	77923732	78591009	166	667277	0.0097	0.00025	0.73739	6	5.99995	0	0.88	0.40206	0.98855	0	0.560499756792222	4	NA	q21.2	2028838138	2029505415
R1d1.1	12	78591056	119887595	570	41296539	0.00524	0.01539	0.55857	3	3	0	1	1	1	0	0.159809995713167	1	NA	q21.2-q24.23	2029505462	2070802001
R1d1.1	12	119962872	125550489	596	5587617	0.00512	0.00208	0.4641	2	1.99971	0	1	1	1	0	-0.107492397379257	0	NA	q24.23-q24.31	2070877278	2076464895
R1d1.1	12	125625815	133767545	107	8141730	0.01208	0.00303	0.60815	4	3.99999	0	1	1	1	0	0.282499112935971	2	NA	q24.31-q24.33	2076540221	2084681951
R1d1.1	13	19095546	101509636	1097	82414090	0.00377	0.03071	0.51459	2	2.04283	0	1	1	1	0	0.0414953266410411	0	NA	q11-q32.3	2103861847	2186275937
R1d1.1	13	101584501	115017146	598	13432645	0.00511	0.00501	0.55594	3	3	0	1	1	1	0	0.153001093145261	1	NA	q32.3-q34	2186350802	2199783447
R1d1.1	14	19075426	20124390	15	1048964	0.03227	0.00039	0.7142	5	5.03843	0	1	1	1	0	0.514400039036616	3	NA	q11.1-q11.2	2219011605	2220060569
R1d1.1	14	20199315	79348625	821	59149310	0.00436	0.02204	0.42246	1	1	0	1	1	1	0	-0.243113346471329	-1	Loss_14q31.1	q11.2-q31.1	2220135494	2279284804
R1d1.1	14	79423565	83187565	107	3764000	0.01208	0.0014	0.58964	4	3.95656	0	1	1	1	0	0.237906302415702	2	NA	q31.1	2279359744	2283123744
R1d1.1	14	83262956	107214193	321	23951237	0.00698	0.00893	0.44325	1	1.00888	0	1	1	1	0	-0.173807463763398	-1	Loss_14q31.1	q31.1-q32.33	2283199135	2307150372
R1d1.1	15	20074969	22130086	16	2055117	0.03125	0.00077	0.81802	7	7.00079	0	0.12	0.02507	0.87156	0	0.710208021565831	5	NA	q11.1-q11.2	2327360688	2329415805
R1d1.1	15	22345884	31413282	113	9067398	0.01176	0.00338	0.57543	3	3.01969	0	1	1	1	0	0.202712342948588	1	NA	q11.2-q13.3	2329631603	2338699001
R1d1.1	15	31489259	90575707	1097	59086448	0.00377	0.02202	0.40006	1	0.99995	0	1	1	1	0	-0.321711706859925	-1	NA	q13.3-q26.1	2338774978	2397861426
R1d1.1	15	90650834	102445766	158	11794932	0.00994	0.0044	0.45828	2	1.98054	0	1	1	1	0	-0.125698769093141	0	NA	q26.1-q26.3	2397936553	2409731485
R1d1.1	16	133256	21395474	709	21262218	0.00469	0.00792	0.43934	1	1.00051	0	1	1	1	0	-0.186590238355542	-1	NA	p13.3-p12.2	2409950367	2431212585
R1d1.1	16	21470191	32005290	139	10535099	0.0106	0.00393	0.5162	2	2.13116	0	1	1	1	0	0.0460020465445205	0	NA	p12.2-p11.2	2431287302	2441822401
R1d1.1	16	32080007	35205898	34	3125891	0.02144	0.00116	0.80547	7	6.99994	0	0.93	0.25201	0.98796	0	0.687902761384989	5	NA	p11.2-p11.1	2441897118	2445023009
R1d1.1	16	46611634	88496517	792	41884883	0.00444	0.01561	0.48957	2	2	0	1	1	1	0	-0.0304129399966818	0	NA	q11.2-q24.2	2456428745	2498313628
R1d1.1	16	88496566	90219754	196	1723188	0.00893	0.00064	0.41148	1	1	0	1	1	1	0	-0.281105784780021	-1	NA	q24.2-q24.3	2498313677	2500036865
R1d1.1	17	74406	7962881	478	7888475	0.00572	0.00294	0.34149	0	0	0	1	1	1	1	-0.550084762818972	-2	NA	p13.3-p13.1	2500246270	2508134745
R1d1.1	17	8038036	20288457	154	12250421	0.01007	0.00457	0.42127	1	1	0	1	1	1	0	-0.247182914311845	-1	NA	p13.1-p11.2	2508209900	2520460321
R1d1.1	17	20363612	22039232	21	1675620	0.02728	0.00062	0.63266	4	4.01059	0	1	1	1	0	0.339502289291796	2	NA	p11.2	2520535476	2522211096
R1d1.1	17	25338203	81122952	1396	55784749	0.00335	0.02079	0.37288	0	4e-04	0	1	1	1	1	-0.423216676897868	-2	NA	q11.1-q25.3	2525510067	2581294816
R1d1.1	18	235617	15334305	411	15098688	0.00617	0.00563	0.4377	1	1.00026	0	1	1	1	0	-0.191985710910402	-1	NA	p11.32-p11.21	2581602691	2596701379
R1d1.1	18	18740493	77941934	777	59201441	0.00448	0.02206	0.47652	2	2	0	1	1	1	0	-0.0693913281911873	0	NA	q11.1-q23	2600107567	2659309008
R1d1.1	19	132118	8848378	164	8716260	0.00976	0.00325	0.42159	1	1	0	1	1	1	0	-0.246087447839913	-1	NA	p13.3-p13.2	2659576440	2668292700
R1d1.1	19	8959606	8987340	63	27734	0.01575	1e-05	0.33543	0	0	0	1	1	1	1	-0.575916369265649	-2	NA	p13.2	2668403928	2668431662
R1d1.1	19	8992984	9028309	189	35325	0.00909	1e-05	0.48458	2	2	0	1	1	1	0	-0.0451932330123642	0	NA	p13.2	2668437306	2668472631
R1d1.1	19	9028355	17005241	1034	7976886	0.00389	0.00297	0.40514	1	1	0	1	1	1	0	-0.303507563670076	-1	NA	p13.2-p13.11	2668472677	2676449563
R1d1.1	19	17006967	18094594	164	1087627	0.00976	0.00041	0.3687	0	0.00022	0	1	1	1	1	-0.439480678455631	-2	NA	p13.11	2676451289	2677538916
R1d1.1	19	18168179	24556146	85	6387967	0.01356	0.00238	0.55352	3	3	0	1	1	1	0	0.146707351079775	1	NA	p13.11-p11	2677612501	2684000468
R1d1.1	19	27956429	35161023	165	7204594	0.00973	0.00268	0.5302	3	2.99652	0	1	1	1	0	0.0846085753178095	1	NA	q11-q13.11	2687400751	2694605345
R1d1.1	19	35235708	59043445	352	23807737	0.00666	0.00887	0.42741	1	1	0	1	1	1	0	-0.226307432136162	-1	NA	q13.11-q13.43	2694680030	2718487767
R1d1.1	20	135987	26244187	345	26108200	0.00673	0.00973	0.48217	2	2	0	1	1	1	0	-0.0523862037927099	0	NA	p13-p11.1	2718709292	2744817492
R1d1.1	20	29478403	62935280	537	33456877	0.00539	0.01247	0.48063	2	2	0	1	1	1	0	-0.0570013933599809	0	NA	q11.21-q13.33	2748051708	2781508585
R1d1.1	21	14413813	33961561	261	19547748	0.00774	0.00728	0.51545	2	2.08234	0	1	1	1	0	0.0439043942956211	0	NA	q11.2-q22.11	2796012638	2815560386
R1d1.1	21	34036744	47895293	214	13858549	0.00854	0.00516	0.44199	1	1.00586	0	1	1	1	0	-0.17791436579919	-1	NA	q22.11-q22.3	2815635569	2829494118
R1d1.1	22	16131356	18907426	28	2776070	0.02362	0.00103	0.61344	4	3.99974	0	1	1	1	0	0.294994147231339	2	NA	q11.1-q11.21	2845860076	2848636146
R1d1.1	22	18983688	51175001	480	32191313	0.00571	0.012	0.42208	1	1	0	1	1	1	0	-0.244411625185267	-1	NA	q11.21-q13.33	2848712408	2880903721
R4d1.1	1	93709	7656059	122	7562350	0.01132	0.00282	0.43782	1	1.34722	0	1	1	1	0	-0.191590235293647	-1	NA	p36.33-p36.23	93709	7656059
R4d1.1	1	7730758	17371380	348	9640622	0.0067	0.00359	0.3908	1	1	0	1	1	1	0	-0.355497627581064	-1	NA	p36.23-p36.13	7730758	17371380
R4d1.1	1	17380428	39020447	490	21640019	0.00565	0.00806	0.43455	1	1.04596	0	1	1	1	0	-0.20240590955789	-1	Loss_1p36.11	p36.13-p34.3	17380428	39020447
R4d1.1	1	39096008	46629116	683	7533108	0.00478	0.00281	0.40759	1	1	0	1	1	1	0	-0.294809438691256	-1	NA	p34.3-p34.1	39096008	46629116
R4d1.1	1	46704140	103352580	764	56648440	0.00452	0.02111	0.46397	2	2	0	1	1	1	0	-0.107896570246697	0	NA	p34.1-p21.1	46704140	103352580
R4d1.1	1	103354135	103478037	119	123902	0.01146	5e-05	0.39069	1	1	0	1	1	1	0	-0.355903765741619	-1	NA	p21.1	103354135	103478037
R4d1.1	1	103480058	121286065	331	17806007	0.00687	0.00664	0.47041	2	2	0	1	1	1	0	-0.0880093655016408	0	NA	p21.1-p11.2	103480058	121286065
R4d1.1	1	142874392	145321921	16	2447529	0.03125	0.00091	0.63319	4	4.0272	0	1	1	1	0	0.340710376215762	2	NA	q21.1	142874392	145321921
R4d1.1	1	145394877	151547352	110	6152475	0.01192	0.00229	0.42896	1	1.00503	0	1	1	1	0	-0.221084970454251	-1	NA	q21.1-q21.3	145394877	151547352
R4d1.1	1	151623349	152085236	92	461887	0.01303	0.00017	0.60904	4	4	0	1	1	1	0	0.284608888427419	2	NA	q21.3	151623349	152085236
R4d1.1	1	152085283	185815243	845	33729960	0.0043	0.01257	0.47064	2	2	0	1	1	1	0	-0.0873041535235066	0	NA	q21.3-q31.1	152085283	185815243
R4d1.1	1	185824416	186645717	440	821301	0.00596	0.00031	0.51331	3	2.86131	0	0.56	0.19642	0.89194	0	0.0379022716612749	1	NA	q31.1	185824416	186645717
R4d1.1	1	186645763	215924304	523	29278541	0.00547	0.01091	0.46752	2	2	0	1	1	1	0	-0.0969000116333134	0	NA	q31.1-q41	186645763	215924304
R4d1.1	1	215931921	218607456	301	2675535	0.0072	0.001	0.53315	3	3	0	1	1	1	0	0.0926133927142838	1	NA	q41	215931921	218607456
R4d1.1	1	218681947	228404958	177	9723011	0.0094	0.00362	0.46674	2	2	0	1	1	1	0	-0.0993089821412048	0	NA	q41-q42.13	218681947	228404958
R4d1.1	1	228407055	228462118	76	55063	0.01434	2e-05	0.62646	4	4.00002	0	1	1	1	0	0.32529430030392	2	NA	q42.13	228407055	228462118
R4d1.1	1	228462300	228470958	68	8658	0.01516	0	0.43473	1	1.13361	0	1	1	1	0	-0.201808437831699	-1	NA	q42.13	228462300	228470958
R4d1.1	1	228471244	228493062	85	21818	0.01356	1e-05	0.56676	3	3.00142	0	1	1	1	0	0.18080984643491	1	NA	q42.13	228471244	228493062
R4d1.1	1	228494098	240255640	475	11761542	0.00574	0.00438	0.45373	2	1.99994	0	1	1	1	0	-0.140094043044506	0	NA	q42.13-q43	228494098	240255640
R4d1.1	1	240255695	249149416	279	8893721	0.00748	0.00331	0.49772	2	2.00029	0	1	1	1	0	-0.00659373455298362	0	NA	q43-q44	240255695	249149416
R4d1.1	2	86985	22902297	297	22815312	0.00725	0.0085	0.6068	4	4	0	1	1	1	0	0.279292990697584	2	NA	p25.3-p24.1	249337606	272152918
R4d1.1	2	22977240	44485825	282	21508585	0.00744	0.00801	0.53511	3	3	0	1	1	1	0	0.0979073950229548	1	NA	p24.1-p21	272227861	293736446
R4d1.1	2	44560767	92106651	769	47545884	0.00451	0.01772	0.56798	3	3.00029	0	1	1	1	0	0.183912034827065	1	NA	p21-p11.1	293811388	341357272
R4d1.1	2	95400201	113608320	346	18208119	0.00672	0.00679	0.55652	3	3	0	1	1	1	0	0.154505440626578	1	NA	q11.1-q13	344650822	362858941
R4d1.1	2	113682908	140497496	448	26814588	0.00591	0.00999	0.64376	4	4.02393	0	0.43	0.09509	0.7806	0	0.364594842918545	2	Gain_2q14.3	q13-q22.1	362933529	389748117
R4d1.1	2	140572232	243025566	1985	102453334	0.00281	0.03818	0.57858	3	3.29588	1	0.49	0.17656	0.80204	0	0.210588359041204	1	NA	q22.1-q37.3	389822853	492276187
R4d1.1	3	135374	46381819	671	46246445	0.00483	0.01723	0.41575	1	1	0	1	1	1	0	-0.266211831374818	-1	Loss_3p25.3	p26.3-p21.31	492585368	538831813
R4d1.1	3	46456952	53536558	453	7079606	0.00587	0.00264	0.34123	0	0	0	0.91	0.51962	1	1	-0.551183604888239	-2	NA	p21.31-p21.1	538906946	545986552
R4d1.1	3	53611310	90429560	485	36818250	0.00568	0.01372	0.39785	1	1	0	1	1	1	0	-0.329703495892506	-1	NA	p21.1-p11.1	546061304	582879554
R4d1.1	3	93580592	184715324	1629	91134732	0.0031	0.03396	0.41795	1	1	0	1	1	1	0	-0.25859773408041	-1	NA	q11.1-q27.2	586030586	677165318
R4d1.1	3	184790163	197887091	173	13096928	0.0095	0.00488	0.37956	1	0.99996	0	1	1	1	0	-0.397600133198262	-1	NA	q27.2-q29	677240157	690337085
R4d1.1	4	88952	49263653	642	49174701	0.00493	0.01832	0.49179	2	2	0	1	1	1	0	-0.0238856952463435	0	NA	p16.3-p11	690561376	739736077
R4d1.1	4	52735917	172579069	1980	119843152	0.00281	0.04466	0.48253	2	2	0	1	1	1	0	-0.0513094540491028	0	NA	q12-q34.1	743208341	863051493
R4d1.1	4	172654075	190969597	612	18315522	0.00505	0.00683	0.52998	3	3	0	1	1	1	0	0.0840098224389562	1	NA	q34.1-q35.2	863126499	881442021
R4d1.1	5	85674	38434293	744	38348619	0.00458	0.01429	0.70101	5	5	0	1	1	1	0	0.487506929730144	3	NA	p15.33-p13.1	881712374	920060993
R4d1.1	5	38509035	42020783	134	3511748	0.0108	0.00131	0.59046	4	3.99696	0	1	1	1	0	0.239911234411168	2	NA	p13.1	920135735	923647483
R4d1.1	5	42095094	46330831	58	4235737	0.01641	0.00158	0.74618	6	5.99986	0	0.9	0.34288	0.98841	0	0.577595596964593	4	NA	p13.1-p11	923721794	927957531
R4d1.1	5	49630948	126167327	1214	76536379	0.00359	0.02852	0.65592	5	4.99019	0	0.6	0.27099	0.90467	0	0.391591770807551	3	NA	q11.1-q23.2	931257648	1007794027
R4d1.1	5	126242448	127948553	246	1706105	0.00797	0.00064	0.75954	6	6	0	0.09	0.01849	0.50758	0	0.603197849144885	4	NA	q23.2-q23.3	1007869148	1009575253
R4d1.1	5	128023298	180732369	1107	52709071	0.00376	0.01964	0.68402	5	5	0	1	1	1	0	0.45211041367262	3	Gain_5q35.3	q23.3-q35.3	1009649998	1062359069
R4d1.1	6	135324	28568390	378	28433066	0.00643	0.0106	0.46051	2	2	0	1	1	1	0	-0.11869561002837	0	NA	p25.3-p22.1	1062677284	1091110350
R4d1.1	6	29017332	30459425	26	1442093	0.02451	0.00054	0.2245	0	0	1	NA	0.01	1	1	-1.15521264992094	-2	NA	p22.1-p21.33	1091559292	1093001385
R4d1.1	6	31158802	32634335	59	1475533	0.01627	0.00055	0.44674	2	1.96754	0	1	1	1	0	-0.162492659099896	0	NA	p21.33-p21.32	1093700762	1095176295
R4d1.1	6	32634386	33052966	26	418580	0.02451	0.00016	0.30181	0	0	1	NA	0.01	1	1	-0.728287486798117	-2	NA	p21.32	1095176346	1095594926
R4d1.1	6	33067328	49227212	213	16159884	0.00856	0.00602	0.43676	1	1.19935	0	1	1	1	0	-0.195087359609669	-1	NA	p21.32-p12.3	1095609288	1111769172
R4d1.1	6	49302233	58539101	237	9236868	0.00812	0.00344	0.47665	2	2	0	1	1	1	0	-0.0689977984819466	0	NA	p12.3-p11.2	1111844193	1121081061
R4d1.1	6	61942522	170982159	2590	109039637	0.00246	0.04063	0.47589	2	2	0	1	1	1	0	-0.0712999557955269	0	NA	q11.1-q27	1124484482	1233524119
R4d1.1	7	121242	4839122	63	4717880	0.01575	0.00176	0.64676	4	4.21888	0	0.47	0.07106	0.90651	0	0.371302360692736	2	NA	p22.3-p22.1	1233778269	1238496149
R4d1.1	7	4839270	4876205	60	36935	0.01614	1e-05	0.43018	1	1.0234	0	1	1	1	0	-0.216987642584658	-1	NA	p22.1	1238496297	1238533232
R4d1.1	7	4896738	48232683	606	43335945	0.00508	0.01615	0.61895	4	4	0	1	1	1	0	0.307894775512501	2	NA	p22.1-p12.3	1238553765	1281889710
R4d1.1	7	48237835	57978903	475	9741068	0.00574	0.00363	0.68639	5	5	0	1	1	1	0	0.457100439512594	3	NA	p12.3-p11.2	1281894862	1291635930
R4d1.1	7	61118627	82478281	326	21359654	0.00692	0.00796	0.61779	4	4	0	1	1	1	0	0.305188423751916	2	NA	q11.1-q21.11	1294775654	1316135308
R4d1.1	7	82487867	82595778	214	107911	0.00854	4e-05	0.72997	6	5.98274	1	0.66	0.26137	0.958	0	0.545909079049699	4	NA	q21.11	1316144894	1316252805
R4d1.1	7	82679688	100674512	837	17994824	0.00432	0.00671	0.60878	4	4	0	1	1	1	0	0.283992868463335	2	NA	q21.11-q22.1	1316336715	1334331539
R4d1.1	7	100674920	100687060	243	12140	0.00802	0	0.74613	6	6	0	0.9	0.47384	0.9899	0	0.577498921673171	4	NA	q22.1	1334331947	1334344087
R4d1.1	7	100691270	103584984	73	2893714	0.01463	0.00108	0.53115	3	2.99991	0	1	1	1	0	0.087191249562623	1	NA	q22.1	1334348297	1337242011
R4d1.1	7	103658909	141740644	769	38081735	0.00451	0.01419	0.63763	4	4.00032	0	1	1	1	0	0.35079141372748	2	Gain_7q22.3	q22.1-q34	1337315936	1375397671
R4d1.1	7	141747578	141765262	57	17684	0.01656	1e-05	0.75283	6	5.99999	0	0.99	0.40996	1	0	0.590396025194034	4	NA	q34	1375404605	1375422289
R4d1.1	7	141765370	141784442	57	19072	0.01656	1e-05	0.48754	2	2.00004	0	1	1	1	0	-0.0364075059035438	0	NA	q34	1375422397	1375441469
R4d1.1	7	141785636	151851534	274	10065898	0.00755	0.00375	0.63226	4	4.00002	0	1	1	1	0	0.338589855247601	2	NA	q34-q36.1	1375442663	1385508561
R4d1.1	7	151852974	151949193	230	96219	0.00824	4e-05	0.55617	3	3	0	1	1	1	0	0.153597832432085	1	NA	q36.1	1385510001	1385606220
R4d1.1	7	151949621	159053835	130	7104214	0.01096	0.00265	0.67105	5	4.99999	0	1	1	1	0	0.424492170889205	3	NA	q36.1-q36.3	1385606648	1392710862
R4d1.1	8	83607	6929902	139	6846295	0.0106	0.00255	0.49442	2	2.00011	0	1	1	1	0	-0.0161909913756188	0	NA	p23.3-p23.1	1392879297	1399725592
R4d1.1	8	7007651	43613060	475	36605409	0.00574	0.01364	0.41769	1	1	0	1	1	1	0	-0.259495490824308	-1	NA	p23.1-p11.1	1399803341	1436408750
R4d1.1	8	47064138	77539599	414	30475461	0.00614	0.01136	0.4521	2	1.99981	0	1	1	1	0	-0.145286177230469	0	NA	q11.1-q21.11	1439859828	1470335289
R4d1.1	8	77616348	77776581	219	160233	0.00845	6e-05	0.51824	3	2.99033	0	1	1	1	0	0.051692278358375	1	NA	q21.11	1470412038	1470572271
R4d1.1	8	77776629	110393763	445	32617134	0.00593	0.01215	0.42946	1	1.00169	0	1	1	1	0	-0.219404330203509	-1	NA	q21.11-q23.1	1470572319	1503189453
R4d1.1	8	110394685	114525028	652	4130343	0.0049	0.00154	0.47231	2	2	0	1	1	1	0	-0.0821940135642869	0	NA	q23.1-q23.3	1503190375	1507320718
R4d1.1	8	114600421	144601824	433	30001403	0.00601	0.01118	0.43573	1	1.09779	0	0.56	0.19421	0.89104	0	-0.198493648695907	-1	NA	q23.3-q24.3	1507396111	1537397514
R4d1.1	8	144679424	146230986	369	1551562	0.00651	0.00058	0.40593	1	1	0	1	1	1	0	-0.300697129446816	-1	NA	q24.3	1537475114	1539026676
R4d1.1	9	86126	21815440	498	21729314	0.0056	0.0081	0.53329	3	3	0	1	1	1	0	0.0929921806571307	1	NA	p24.3-p21.3	1539245838	1560975152
R4d1.1	9	21815492	24918194	89	3102702	0.01325	0.00116	0.62071	4	4	0	1	1	1	0	0.311991293877205	2	NA	p21.3	1560975204	1564077906
R4d1.1	9	24993041	47238907	259	22245866	0.00777	0.00829	0.51799	3	2.99011	0	1	1	1	0	0.0509961515000131	1	NA	p21.3-p11.2	1564152753	1586398619
R4d1.1	9	65543125	111499982	996	45956857	0.00396	0.01713	0.52149	3	2.99952	0	1	1	1	0	0.0607114932580002	1	NA	q12-q31.3	1604702837	1650659694
R4d1.1	9	111575147	135696172	316	24121025	0.00703	0.00899	0.50233	2	2.005	0	1	1	1	0	0.00670734289123946	0	NA	q31.3-q34.13	1650734859	1674855884
R4d1.1	9	135771651	135786079	55	14428	0.01685	1e-05	0.37977	1	0.99981	0	1	1	1	0	-0.396802150855115	-1	NA	q34.13	1674931363	1674945791
R4d1.1	9	135786384	141078492	102	5292108	0.01238	0.00197	0.48444	2	2	0	1	1	1	0	-0.0456101022351456	0	NA	q34.13-q34.3	1674946096	1680238204
R4d1.1	10	135526	38940611	770	38805085	0.0045	0.01446	0.40444	1	1	0	1	1	1	0	-0.306002404897108	-1	NA	p15.3-p11.1	1680508669	1719313754
R4d1.1	10	42818106	68507299	314	25689193	0.00705	0.00957	0.41108	1	1	0	1	1	1	0	-0.282508911753965	-1	NA	q11.21-q21.3	1723191249	1748880442
R4d1.1	10	68582444	79027624	140	10445180	0.01056	0.00389	0.38794	1	1	0	1	1	1	0	-0.366094556897791	-1	NA	q21.3-q22.3	1748955587	1759400767
R4d1.1	10	79102769	135299720	927	56196951	0.00411	0.02094	0.43263	1	1.01109	0	1	1	1	0	-0.208794384856604	-1	NA	q22.3-q26.3	1759475912	1815672863
R4d1.1	11	139197	1263713	149	1124516	0.01024	0.00042	0.47273	2	2	0	1	1	1	0	-0.0809116721669562	0	NA	p15.5	1816047087	1817171603
R4d1.1	11	1263763	1276289	195	12526	0.00895	0	0.61784	4	4	0	1	1	1	0	0.305305181603512	2	NA	p15.5	1817171653	1817184179
R4d1.1	11	1276336	6550322	175	5273986	0.00945	0.00197	0.42414	1	1.00016	0	1	1	1	0	-0.237387547156074	-1	NA	p15.5-p15.4	1817184226	1822458212
R4d1.1	11	6554241	51342530	883	44788289	0.00421	0.01669	0.49008	2	2	0	1	1	1	0	-0.028910822837854	0	NA	p15.4-p11.12	1822462131	1867250420
R4d1.1	11	54769677	91560260	656	36790583	0.00488	0.01371	0.46905	2	2	0	1	1	1	0	-0.0921863749032527	0	NA	q11-q14.3	1870677567	1907468150
R4d1.1	11	91635189	93012058	301	1376869	0.0072	0.00051	0.55621	3	3	0	1	1	1	0	0.153701587986231	1	NA	q14.3-q21	1907543079	1908919948
R4d1.1	11	93089507	134871978	1098	41782471	0.00377	0.01557	0.47362	2	2	0	1	1	1	0	-0.0781980905852194	0	NA	q21-q25	1908997397	1950779868
R4d1.1	12	77870	11399949	267	11322079	0.00765	0.00422	0.5445	3	3	0	1	1	1	0	0.12300395405482	1	NA	p13.33-p13.2	1950992276	1962314355
R4d1.1	12	11474788	34780948	345	23306160	0.00673	0.00868	0.60458	4	4	0	1	1	1	0	0.274005159337821	2	Gain_12p11.21	p13.2-p11.1	1962389194	1985695354
R4d1.1	12	37933893	49422607	386	11488714	0.00636	0.00428	0.58878	4	3.99706	0	1	1	1	0	0.235800571088279	2	NA	q11-q13.12	1988848299	2000337013
R4d1.1	12	49422658	49433747	134	11089	0.0108	0	0.47599	2	2	0	1	1	1	0	-0.0709968303918632	0	NA	q13.12	2000337064	2000348153
R4d1.1	12	49433798	49436086	41	2288	0.01952	0	0.34104	0	0.00234	0	0.91	0.30871	0.98844	1	-0.551987134472875	-2	NA	q13.12	2000348204	2000350492
R4d1.1	12	49436338	57131167	352	7694829	0.00666	0.00287	0.48802	2	2	0	1	1	1	0	-0.0349878214648453	0	NA	q13.12-q13.3	2000350744	2008045573
R4d1.1	12	57209369	77848485	625	20639116	0.005	0.00769	0.56967	3	3.001	0	1	1	1	0	0.188198338017999	1	NA	q13.3-q21.2	2008123775	2028762891
R4d1.1	12	77923732	78591009	166	667277	0.0097	0.00025	0.6342	4	4.00014	0	1	1	1	0	0.34300978255439	2	NA	q21.2	2028838138	2029505415
R4d1.1	12	78591056	119887595	570	41296539	0.00524	0.01539	0.5769	3	3.12063	0	0.47	0.1294	0.81037	0	0.206393168511604	1	NA	q21.2-q24.23	2029505462	2070802001
R4d1.1	12	119962872	125550489	596	5587617	0.00512	0.00208	0.51263	3	2.80667	0	0.55	0.19798	0.87701	0	0.0359898152379662	1	NA	q24.23-q24.31	2070877278	2076464895
R4d1.1	12	125625815	133767545	107	8141730	0.01208	0.00303	0.6019	4	3.99999	0	1	1	1	0	0.267595721851879	2	NA	q24.31-q24.33	2076540221	2084681951
R4d1.1	13	19095546	101509636	1097	82414090	0.00377	0.03071	0.51896	3	2.99729	0	1	1	1	0	0.0536952490415409	1	NA	q11-q32.3	2103861847	2186275937
R4d1.1	13	101584501	115017146	598	13432645	0.00511	0.00501	0.569	3	3.00065	0	1	1	1	0	0.186500557644495	1	NA	q32.3-q34	2186350802	2199783447
R4d1.1	14	19075426	20124390	15	1048964	0.03227	0.00039	0.71474	5	5.02515	0	1	1	1	0	0.515490435217234	3	NA	q11.1-q11.2	2219011605	2220060569
R4d1.1	14	20199315	79348625	821	59149310	0.00436	0.02204	0.39333	1	1	0	1	1	1	0	-0.346187867415006	-1	Loss_14q31.1	q11.2-q31.1	2220135494	2279284804
R4d1.1	14	79423565	83187565	107	3764000	0.01208	0.0014	0.51029	2	2.42476	0	1	1	1	0	0.0293892750503216	0	NA	q31.1	2279359744	2283123744
R4d1.1	14	83262956	107214193	321	23951237	0.00698	0.00893	0.42056	1	1.00001	0	1	1	1	0	-0.249616454864936	-1	Loss_14q31.1	q31.1-q32.33	2283199135	2307150372
R4d1.1	15	20074969	22130086	16	2055117	0.03125	0.00077	0.75833	6	5.9956	0	0.07	0.02283	0.82223	0	0.600897703059577	4	NA	q11.1-q11.2	2327360688	2329415805
R4d1.1	15	22345884	31413282	113	9067398	0.01176	0.00338	0.49121	2	2.00003	0	1	1	1	0	-0.0255881636508565	0	NA	q11.2-q13.3	2329631603	2338699001
R4d1.1	15	31489259	90575707	1097	59086448	0.00377	0.02202	0.42252	1	1.00001	0	1	1	1	0	-0.242908461852524	-1	NA	q13.3-q26.1	2338774978	2397861426
R4d1.1	15	90650834	102445766	158	11794932	0.00994	0.0044	0.48734	2	2	0	1	1	1	0	-0.0369994536555251	0	NA	q26.1-q26.3	2397936553	2409731485
R4d1.1	16	133256	21395474	709	21262218	0.00469	0.00792	0.47678	2	2	0	1	1	1	0	-0.0686043760881101	0	NA	p13.3-p12.2	2409950367	2431212585
R4d1.1	16	21470191	32005290	139	10535099	0.0106	0.00393	0.52976	3	2.99998	0	1	1	1	0	0.0834108209601876	1	NA	p12.2-p11.2	2431287302	2441822401
R4d1.1	16	32080007	35205898	34	3125891	0.02144	0.00116	0.81637	7	6.99978	0	0.9	0.27474	0.98769	0	0.707295072237728	5	NA	p11.2-p11.1	2441897118	2445023009
R4d1.1	16	46611634	88496517	792	41884883	0.00444	0.01561	0.50323	2	2.0067	0	1	1	1	0	0.00928983599659143	0	NA	q11.2-q24.2	2456428745	2498313628
R4d1.1	16	88496566	90219754	196	1723188	0.00893	0.00064	0.45288	2	1.99975	0	1	1	1	0	-0.14279926611521	0	NA	q24.2-q24.3	2498313677	2500036865
R4d1.1	17	74406	7962881	478	7888475	0.00572	0.00294	0.39604	1	1	0	1	1	1	0	-0.336281945170113	-1	NA	p13.3-p13.1	2500246270	2508134745
R4d1.1	17	8038036	20288457	154	12250421	0.01007	0.00457	0.46979	2	2	0	1	1	1	0	-0.0899120905707873	0	NA	p13.1-p11.2	2508209900	2520460321
R4d1.1	17	20363612	22039232	21	1675620	0.02728	0.00062	0.63808	4	4.04628	0	1	1	1	0	0.351809219961384	2	NA	p11.2	2520535476	2522211096
R4d1.1	17	25338203	81122952	1396	55784749	0.00335	0.02079	0.40481	1	1	0	1	1	1	0	-0.304683165595719	-1	NA	q11.1-q25.3	2525510067	2581294816
R4d1.1	18	235617	15334305	411	15098688	0.00617	0.00563	0.40632	1	1	0	1	1	1	0	-0.299311715820014	-1	NA	p11.32-p11.21	2581602691	2596701379
R4d1.1	18	18740493	77941934	777	59201441	0.00448	0.02206	0.43882	1	1.45048	0	0.51	0.17254	0.83933	0	-0.188298814261858	-1	NA	q11.1-q23	2600107567	2659309008
R4d1.1	19	132118	8848378	164	8716260	0.00976	0.00325	0.47359	2	2	0	1	1	1	0	-0.0782894765529375	0	NA	p13.3-p13.2	2659576440	2668292700
R4d1.1	19	8959606	8987340	63	27734	0.01575	1e-05	0.36229	1	0.74921	1	0.61	0.13684	0.95617	0	-0.464783110099515	-1	NA	p13.2	2668403928	2668431662
R4d1.1	19	8992984	9028309	189	35325	0.00909	1e-05	0.5459	3	3	0	1	1	1	0	0.126708602196968	1	NA	p13.2	2668437306	2668472631
R4d1.1	19	9028355	17005241	1034	7976886	0.00389	0.00297	0.46836	2	2	0	1	1	1	0	-0.094310226276704	0	NA	p13.2-p13.11	2668472677	2676449563
R4d1.1	19	17006967	18094594	164	1087627	0.00976	0.00041	0.39752	1	1	0	1	1	1	0	-0.330900647886702	-1	NA	p13.11	2676451289	2677538916
R4d1.1	19	18168179	24556146	85	6387967	0.01356	0.00238	0.55	3	3	0	1	1	1	0	0.137503523749935	1	NA	p13.11-p11	2677612501	2684000468
R4d1.1	19	27956429	35161023	165	7204594	0.00973	0.00268	0.52196	3	2.99853	0	1	1	1	0	0.0620111563277679	1	NA	q11-q13.11	2687400751	2694605345
R4d1.1	19	35235708	59043445	352	23807737	0.00666	0.00887	0.46265	2	2	0	1	1	1	0	-0.112006904023522	0	NA	q13.11-q13.43	2694680030	2718487767
R4d1.1	20	135987	26244187	345	26108200	0.00673	0.00973	0.53726	3	3	0	1	1	1	0	0.103692335843675	1	NA	p13-p11.1	2718709292	2744817492
R4d1.1	20	29478403	62935280	537	33456877	0.00539	0.01247	0.50135	2	2.00209	0	1	1	1	0	0.00389002743337184	0	NA	q11.21-q13.33	2748051708	2781508585
R4d1.1	21	14413813	33961561	261	19547748	0.00774	0.00728	0.51249	3	2.76321	0	0.55	0.16553	0.89806	0	0.0355957593089429	1	NA	q11.2-q22.11	2796012638	2815560386
R4d1.1	21	34036744	47895293	214	13858549	0.00854	0.00516	0.49219	2	2.00001	0	1	1	1	0	-0.0227127485438833	0	NA	q22.11-q22.3	2815635569	2829494118
R4d1.1	22	16131356	18907426	28	2776070	0.02362	0.00103	0.54988	3	3.00009	0	1	1	1	0	0.13718871957931	1	NA	q11.1-q11.21	2845860076	2848636146
R4d1.1	22	18983688	51175001	480	32191313	0.00571	0.012	0.45958	2	2	0	1	1	1	0	-0.121612078732406	0	NA	q11.21-q13.33	2848712408	2880903721
