sample	Chromosome	Start.bp	End.bp	n_probes	length	seg_sigma	W	copy_ratio	modal_cn	expected_cn	subclonal	cancer_cell_frac	ccf_ci95_low	ccf_ci95_high	hz	logR	norm_modal_cn	driverSCNA	arm	gps_start	gps_end
R5d1xx1	1	93709	23908144	560	23814435	0.00528	0.00887	0.46468	2	2	0	1	1	1	0	-0.105690542833539	0	NA	p36.33-p36.11	93709	23908144
R5d1xx1	1	23981687	103352580	1845	79370893	0.00291	0.02957	0.49576	2	2	0	1	1	1	0	-0.0122862214652018	0	NA	p36.11-p21.1	23981687	103352580
R5d1xx1	1	103354135	103484435	146	130300	0.01035	5e-05	0.40262	1	1	0	0.71	0.45795	0.93617	0	-0.312509255504035	-1	NA	p21.1	103354135	103484435
R5d1xx1	1	103487239	121286065	318	17798826	0.00701	0.00663	0.50488	2	2	0	1	1	1	0	0.0140124336161133	0	NA	p21.1-p11.2	103487239	121286065
R5d1xx1	1	142633228	145321921	17	2688693	0.03032	0.001	0.7073	4	4	0	1	1	1	0	0.500394166415795	2	NA	q21.1	142633228	145321921
R5d1xx1	1	145394877	152079988	118	6685111	0.01151	0.00249	0.45382	2	2	0	1	1	1	0	-0.139807904420506	0	NA	q21.1-q21.3	145394877	152079988
R5d1xx1	1	152080038	152464630	97	384592	0.01269	0.00014	0.59099	3	3	0	1	1	1	0	0.241205624225317	1	NA	q21.3	152080038	152464630
R5d1xx1	1	152540134	161332285	319	8792151	0.007	0.00328	0.46044	2	2	0	1	1	1	0	-0.118914924112862	0	NA	q21.3-q23.3	152540134	161332285
R5d1xx1	1	161407697	186645717	950	25238020	0.00406	0.0094	0.51065	2	2	0	1	1	1	0	0.0304067104260458	0	NA	q23.3-q31.1	161407697	186645717
R5d1xx1	1	186645763	228404958	995	41759195	0.00396	0.01556	0.4749	2	2	0	1	1	1	0	-0.0743043386911121	0	NA	q31.1-q42.13	186645763	228404958
R5d1xx1	1	228407055	228461217	66	54162	0.01539	2e-05	0.6808	4	3.99998	1	0.64	0.34136	0.90717	0	0.445302942136513	2	NA	q42.13	228407055	228461217
R5d1xx1	1	228461502	228470958	78	9456	0.01415	0	0.41131	1	1.00001	1	0.64	0.35333	0.90177	0	-0.281701947009609	-1	NA	q42.13	228461502	228470958
R5d1xx1	1	228471244	228493062	85	21818	0.01356	1e-05	0.54522	2	2.08544	1	0.49	0.21304	0.76145	0	0.124910389800873	0	NA	q42.13	228471244	228493062
R5d1xx1	1	228494098	228528395	124	34297	0.01123	1e-05	0.38326	1	1	0	1	1	1	0	-0.383604659788193	-1	NA	q42.13	228494098	228528395
R5d1xx1	1	228528445	248832460	625	20304015	0.005	0.00756	0.48653	2	2	0	1	1	1	0	-0.039399328900861	0	NA	q42.13-q44	228528445	248832460
R5d1xx1	2	86985	92106651	1344	92019666	0.00341	0.03428	0.49401	2	2	0	1	1	1	0	-0.0173878490199416	0	NA	p25.3-p11.1	249337606	341357272
R5d1xx1	2	95400201	207459638	2068	112059437	0.00275	0.04174	0.50167	2	2	0	1	1	1	0	0.00481057224553467	0	NA	q11.1-q33.3	344650822	456710259
R5d1xx1	2	207460770	225285407	361	17824637	0.00658	0.00664	0.46439	2	2	0	1	1	1	0	-0.106591188803047	0	NA	q33.3-q36.2	456711391	474536028
R5d1xx1	2	225360006	229272167	167	3912161	0.00967	0.00146	0.36098	1	1	0	1	1	1	0	-0.470009187692158	-1	NA	q36.2-q36.3	474610627	478522788
R5d1xx1	2	229347263	243025566	177	13678303	0.0094	0.0051	0.51317	2	2	0	1	1	1	0	0.0375087378233494	0	NA	q36.3-q37.3	478597884	492276187
R5d1xx1	3	135374	52437139	934	52301765	0.00409	0.01948	0.48815	2	2	0	1	1	1	0	-0.0346035638940855	0	NA	p26.3-p21.1	492585368	544887133
R5d1xx1	3	52437186	52610729	87	173543	0.0134	6e-05	0.40768	1	1	0	0.67	0.39018	0.9208	0	-0.294490912180511	-1	NA	p21.1	544887180	545060723
R5d1xx1	3	52613048	90429560	581	37816512	0.00519	0.01409	0.49271	2	2	0	1	1	1	0	-0.0211893421250191	0	NA	p21.1-p11.1	545063042	582879554
R5d1xx1	3	93580592	136299643	751	42719051	0.00456	0.01591	0.50842	2	2	0	1	1	1	0	0.0240926886681164	0	NA	q11.1-q22.3	586030586	628749637
R5d1xx1	3	136374568	197887091	1048	61512523	0.00386	0.02291	0.4872	2	2	0	1	1	1	0	-0.0374139616431169	0	NA	q22.3-q29	628824562	690337085
R5d1xx1	4	245857	49263653	640	49017796	0.00494	0.01826	0.49295	2	2	0	1	1	1	0	-0.0204867736599173	0	NA	p16.3-p11	690718281	739736077
R5d1xx1	4	52735917	190376159	2574	137640242	0.00246	0.05127	0.36995	1	1	0	1	1	1	0	-0.434597796109162	-1	Loss_4q34.3	q12-q35.2	743208341	880848583
R5d1xx1	5	85674	46330831	933	46245157	0.00409	0.01723	0.60769	3	3	0	1	1	1	0	0.281407456549483	1	NA	p15.33-p11	881712374	927957531
R5d1xx1	5	49630948	68265671	456	18634723	0.00585	0.00694	0.61013	3	3	0	1	1	1	0	0.287188574629605	1	NA	q11.1-q13.1	931257648	949892371
R5d1xx1	5	68340766	110241601	554	41900835	0.00531	0.01561	0.74857	4	4	0	1	1	1	0	0.582209136467683	2	NA	q13.1-q22.1	949967466	991868301
R5d1xx1	5	110316722	167402296	1239	57085574	0.00355	0.02126	0.60428	3	3	0	1	1	1	0	0.27328909871682	1	NA	q22.1-q34	991943422	1049028996
R5d1xx1	5	167477223	175943952	105	8466729	0.0122	0.00315	0.74376	4	4	0	1	1	1	0	0.57290906587056	2	NA	q34-q35.2	1049103923	1057570652
R5d1xx1	5	176018879	179967452	86	3948573	0.01348	0.00147	1.04153	7	7	1	0.68	0.4019	0.92972	0	1.05870439504625	5	Gain_5q35.3	q35.2-q35.3	1057645579	1061594152
R5d1xx1	5	180030230	180732369	126	702139	0.01114	0.00026	0.68108	4	4	1	0.64	0.37918	0.88363	0	0.445896172989659	2	NA	q35.3	1061656930	1062359069
R5d1xx1	6	135324	28418742	376	28283418	0.00645	0.01054	0.37108	1	1	0	1	1	1	0	-0.430197848307244	-1	NA	p25.3-p22.1	1062677284	1090960702
R5d1xx1	6	28867684	32605378	44	3737694	0.01884	0.00139	0.27739	0	0	1	0.77	0.44019	0.97569	1	-0.850012315915298	-2	NA	p22.1-p21.32	1091409644	1095147338
R5d1xx1	6	32609167	32632749	31	23582	0.02245	1e-05	0.42241	1	1.24608	1	0.54	0.19515	0.87489	0	-0.243284105883141	-1	NA	p21.32	1095151127	1095174709
R5d1xx1	6	32634335	33080338	50	446003	0.01768	0.00017	0.2374	0	0	0	NA	0.01	1	1	-1.07460815990754	-2	NA	p21.32	1095176295	1095622298
R5d1xx1	6	33472583	37373730	53	3901147	0.01717	0.00145	0.36131	1	1	0	1	1	1	0	-0.468690910001425	-1	NA	p21.32-p21.2	1096014543	1099915690
R5d1xx1	6	37448751	40524655	42	3075904	0.01929	0.00115	0.50327	2	2	0	1	1	1	0	0.00940450624331969	0	NA	p21.2-p21.1	1099990711	1103066615
R5d1xx1	6	40599676	49977432	126	9377756	0.01114	0.00349	0.67967	4	4	1	0.63	0.36717	0.8729	0	0.442906350118901	2	NA	p21.1-p12.3	1103141636	1112519392
R5d1xx1	6	50052453	58539101	227	8486648	0.0083	0.00316	0.50247	2	2	0	1	1	1	0	0.00710936778580822	0	NA	p12.3-p11.2	1112594413	1121081061
R5d1xx1	6	61942522	170982159	2595	109039637	0.00245	0.04062	0.48488	2	2	0	1	1	1	0	-0.0443003472283569	0	NA	q11.1-q27	1124484482	1233524119
R5d1xx1	7	121242	4839122	63	4717880	0.01575	0.00176	0.61677	3	3	0	1	1	1	0	0.3028044986668	1	NA	p22.3-p22.1	1233778269	1238496149
R5d1xx1	7	4839270	4896738	59	57468	0.01627	2e-05	0.43864	2	1.99994	0	0.41	0.11669	0.69993	0	-0.188890716140013	0	NA	p22.1	1238496297	1238553765
R5d1xx1	7	4917268	57978903	1076	53061635	0.00381	0.01977	0.63134	3	3	0	1	1	1	0	0.336489064376839	1	NA	p22.1-p11.2	1238574295	1291635930
R5d1xx1	7	61118627	100674512	1370	39555885	0.00338	0.01473	0.60634	3	3	0	1	1	1	0	0.278198904688361	1	NA	q11.1-q22.1	1294775654	1334331539
R5d1xx1	7	100674920	100687060	243	12140	0.00802	0	0.77738	4	4.00014	1	0.45	0.21814	0.67584	0	0.6366918964121	2	NA	q22.1	1334331947	1334344087
R5d1xx1	7	100691270	107340651	159	6649381	0.00991	0.00248	0.614	3	3	0	1	1	1	0	0.296310560708092	1	Gain_7q22.3	q22.1-q22.3	1334348297	1340997678
R5d1xx1	7	107398624	107474642	22	76018	0.02665	3e-05	0.81841	5	5	1	0.8	0.39736	0.98255	0	0.710895678326706	3	Gain_7q22.3	q22.3-q31.1	1341055651	1341131669
R5d1xx1	7	107549129	141739983	654	34190854	0.00489	0.01274	0.61917	3	3	0	1	1	1	0	0.308407476886093	1	NA	q31.1-q34	1341206156	1375397010
R5d1xx1	7	141740523	147206358	238	5465835	0.0081	0.00204	0.68525	4	4	1	0.67	0.43948	0.89434	0	0.454702328163688	2	NA	q34-q35	1375397550	1380863385
R5d1xx1	7	147281023	159053835	506	11772812	0.00556	0.00439	0.60887	3	3	0	1	1	1	0	0.284206135911151	1	NA	q35-q36.3	1380938050	1392710862
R5d1xx1	8	83607	35951933	515	35868326	0.00551	0.01336	0.3644	1	1	0	1	1	1	0	-0.456405135747399	-1	Loss_8p23.2	p23.3-p12	1392879297	1428747623
R5d1xx1	8	36027042	43613060	99	7586018	0.01256	0.00283	0.48384	2	2	0	1	1	1	0	-0.0473980502157391	0	NA	p12-p11.1	1428822732	1436408750
R5d1xx1	8	47064138	144998929	2328	97934791	0.00259	0.03648	0.50052	2	2	0	1	1	1	0	0.00149962317356996	0	NA	q11.1-q24.3	1439859828	1537794619
R5d1xx1	8	144998978	146230986	197	1232008	0.00891	0.00046	0.43537	2	1.99993	1	0.44	0.19443	0.66656	0	-0.199686095589004	0	NA	q24.3	1537794668	1539026676
R5d1xx1	9	86126	47238907	843	47152781	0.00431	0.01756	0.36683	1	1	0	1	1	1	0	-0.446816465001869	-1	Loss_9p21.3	p24.3-p11.2	1539245838	1586398619
R5d1xx1	9	65543125	141078492	1462	75535367	0.00327	0.02814	0.47645	2	2	0	1	1	1	0	-0.0696032732745454	0	NA	q12-q34.3	1604702837	1680238204
R5d1xx1	10	135526	37397220	752	37261694	0.00456	0.01388	0.35782	1	1	0	1	1	1	0	-0.482694067211285	-1	NA	p15.3-p11.21	1680508669	1717770363
R5d1xx1	10	37472015	38940611	19	1468596	0.02868	0.00055	0.4623	2	2	0	1	1	1	0	-0.113098732313508	0	NA	p11.21-p11.1	1717845158	1719313754
R5d1xx1	10	42818106	135299720	1378	92481614	0.00337	0.03445	0.48815	2	2	0	1	1	1	0	-0.0346035638940855	0	NA	q11.21-q26.3	1723191249	1815672863
R5d1xx1	11	139197	1263713	149	1124516	0.01024	0.00042	0.48805	2	2	0	1	1	1	0	-0.0348991375564365	0	NA	p15.5	1816047087	1817171603
R5d1xx1	11	1263763	1273724	171	9961	0.00956	0	0.71484	4	4	0	1	1	1	0	0.515692270027911	2	NA	p15.5	1817171653	1817181614
R5d1xx1	11	1274030	6592991	431	5318961	0.00602	0.00198	0.45616	2	2	0	1	1	1	0	-0.132388150498859	0	NA	p15.5-p15.4	1817181920	1822500881
R5d1xx1	11	6593040	51342530	638	44749490	0.00495	0.01667	0.49724	2	2	0	1	1	1	0	-0.00798573759501619	0	NA	p15.4-p11.12	1822500930	1867250420
R5d1xx1	11	54769677	92258001	733	37488324	0.00462	0.01396	0.48512	2	2	0	1	1	1	0	-0.04358643626572	0	NA	q11-q14.3	1870677567	1908165891
R5d1xx1	11	92258046	129509160	1150	37251114	0.00369	0.01388	0.49449	2	2	0	1	1	1	0	-0.0159867490218539	0	NA	q14.3-q24.3	1908165936	1945417050
R5d1xx1	11	129584127	129758650	98	174523	0.01263	7e-05	0.40332	1	1	0	0.71	0.43289	0.94141	0	-0.310003146407654	-1	NA	q24.3	1945492017	1945666540
R5d1xx1	11	129762599	134871978	74	5109379	0.01453	0.0019	0.49008	2	2	0	1	1	1	0	-0.028910822837854	0	NA	q24.3-q25	1945670489	1950779868
R5d1xx1	12	77870	34780948	606	34703078	0.00508	0.01293	0.47639	2	2	0	1	1	1	0	-0.0697849652743938	0	NA	p13.33-p11.1	1950992276	1985695354
R5d1xx1	12	37933893	49422710	390	11488817	0.00633	0.00428	0.72242	4	4	0	1	1	1	0	0.530909739101685	2	NA	q11-q13.12	1988848299	2000337116
R5d1xx1	12	49422761	49432232	105	9471	0.0122	0	0.63349	3	3	0	1	1	1	0	0.341393750896596	1	NA	q13.12	2000337167	2000346638
R5d1xx1	12	49432280	49436660	68	4380	0.01516	0	0.52723	2	2	0	1	1	1	0	0.0765043688194481	0	NA	q13.12	2000346686	2000351066
R5d1xx1	12	49436853	49443873	61	7020	0.016	0	0.68696	4	4	1	0.69	0.38745	0.94318	0	0.458298001999252	2	NA	q13.12	2000351259	2000358279
R5d1xx1	12	49443921	49446169	45	2248	0.01863	0	0.47326	2	2	0	1	1	1	0	-0.0792951044407128	0	NA	q13.12	2000358327	2000360575
R5d1xx1	12	49446325	61595025	649	12148700	0.00491	0.00453	0.65985	3	3.00073	1	0.46	0.25154	0.65785	0	0.400210007081831	1	NA	q13.12-q14.1	2000360731	2012509431
R5d1xx1	12	61670272	133767545	1645	72097273	0.00308	0.02686	0.47293	2	2	0	1	1	1	0	-0.0803014337885118	0	NA	q14.1-q24.33	2012584678	2084681951
R5d1xx1	13	19095546	102258293	1104	83162747	0.00376	0.03098	0.48596	2	2	0	1	1	1	0	-0.0410905262755912	0	NA	q11-q33.1	2103861847	2187024594
R5d1xx1	13	102333158	103402700	432	1069542	0.00601	4e-04	0.54863	3	2.7659	1	0.52	0.30345	0.72815	0	0.133905418417805	1	NA	q33.1	2187099459	2188169001
R5d1xx1	13	103410748	115017146	156	11606398	0.01001	0.00432	0.49665	2	2	0	1	1	1	0	-0.00969858343129396	0	NA	q33.1-q34	2188177049	2199783447
R5d1xx1	14	19075426	79348625	830	60273199	0.00434	0.02245	0.48156	2	2	0	1	1	1	0	-0.0542125329356603	0	NA	q11.1-q31.1	2219011605	2279284804
R5d1xx1	14	79423565	83187565	105	3764000	0.0122	0.0014	0.56436	3	3	1	0.65	0.38488	0.90282	0	0.174687643142326	1	NA	q31.1	2279359744	2283123744
R5d1xx1	14	83262956	107214193	321	23951237	0.00698	0.00892	0.49059	2	2	0	1	1	1	0	-0.0274102680392273	0	NA	q31.1-q32.33	2283199135	2307150372
R5d1xx1	15	20074969	62958055	558	42883086	0.00529	0.01597	0.49576	2	2	0	1	1	1	0	-0.0122862214652018	0	NA	q11.1-q22.2	2327360688	2370243774
R5d1xx1	15	62966007	65318268	205	2352261	0.00873	0.00088	0.43736	2	1.99999	1	0.42	0.17945	0.64821	0	-0.193106814237228	0	NA	q22.2-q22.31	2370251726	2372603987
R5d1xx1	15	65393609	90334346	381	24940737	0.0064	0.00929	0.48798	2	2	0	1	1	1	0	-0.0351060751567876	0	NA	q22.31-q26.1	2372679328	2397620065
R5d1xx1	15	90335380	90725961	80	390581	0.01398	0.00015	0.39156	1	1	0	1	1	1	0	-0.352694701623791	-1	NA	q26.1	2397621099	2398011680
R5d1xx1	15	90801088	102445766	156	11644678	0.01001	0.00434	0.51731	2	2	0	1	1	1	0	0.0491009853281236	0	NA	q26.1-q26.3	2398086807	2409731485
R5d1xx1	16	133256	31855856	841	31722600	0.00431	0.01182	0.4725	2	2	0	1	1	1	0	-0.0816137655536521	0	NA	p13.3-p11.2	2409950367	2441672967
R5d1xx1	16	31930573	35205897	36	3275324	0.02083	0.00122	0.68739	4	3.99999	0	0.69	0.35	0.95624	0	0.459200768962288	2	NA	p11.2-p11.1	2441747684	2445023008
R5d1xx1	16	46611634	90219754	994	43608120	0.00396	0.01624	0.47388	2	2	0	1	1	1	0	-0.0774063212553069	0	NA	q11.2-q24.3	2456428745	2500036865
R5d1xx1	17	74406	20889705	637	20815299	0.00495	0.00775	0.34558	1	1	0	1	1	1	0	-0.5329083690982	-1	NA	p13.3-p11.2	2500246270	2521061569
R5d1xx1	17	20964860	22039232	13	1074372	0.03467	4e-04	0.52935	2	2.00136	0	1	1	1	0	0.0822938359514309	0	NA	p11.2	2521136724	2522211096
R5d1xx1	17	25338203	71266275	773	45928072	0.0045	0.01711	0.59209	3	3	0	1	1	1	0	0.243888392934585	1	NA	q11.1-q25.1	2525510067	2571438139
R5d1xx1	17	71334752	71640275	166	305523	0.0097	0.00011	0.50624	2	2	0	1	1	1	0	0.0178934100359801	0	NA	q25.1	2571506616	2571812139
R5d1xx1	17	71715490	81122952	449	9407462	0.0059	0.0035	0.56809	3	3	1	0.69	0.46875	0.88884	0	0.184191412779117	1	NA	q25.1-q25.3	2571887354	2581294816
R5d1xx1	18	235617	15334305	410	15098688	0.00617	0.00562	0.36587	1	1	0	1	1	1	0	-0.450596970070198	-1	NA	p11.32-p11.21	2581602691	2596701379
R5d1xx1	18	18740493	77941934	777	59201441	0.00448	0.02205	0.61319	3	3	0	1	1	1	0	0.294406074601098	1	NA	q11.1-q23	2600107567	2659309008
R5d1xx1	19	132118	8971843	189	8839725	0.00909	0.00329	0.45955	2	2	0	1	1	1	0	-0.121706256598958	0	NA	p13.3-p13.2	2659576440	2668416165
R5d1xx1	19	8973532	8987340	31	13808	0.02245	1e-05	0.36658	1	1	0	1	1	1	0	-0.447800017923677	-1	NA	p13.2	2668417854	2668431662
R5d1xx1	19	8992984	9007867	84	14883	0.01364	1e-05	0.54439	2	2.04496	1	0.49	0.20552	0.75524	0	0.122712471067489	0	NA	p13.2	2668437306	2668452189
R5d1xx1	19	9008164	9026313	96	18149	0.01276	1e-05	0.6402	3	3	0	1	1	1	0	0.356594581996132	1	NA	p13.2	2668452486	2668470635
R5d1xx1	19	9027198	11138636	911	2111438	0.00414	0.00079	0.50021	2	2	0	1	1	1	0	0.000605804707088461	0	NA	p13.2	2668471520	2670582958
R5d1xx1	19	11141393	24105327	370	12963934	0.0065	0.00483	0.45685	2	2	0	1	1	1	0	-0.130207539623335	0	NA	p13.2-p12	2670585715	2683549649
R5d1xx1	19	27956429	59043445	512	31087016	0.00552	0.01158	0.47672	2	2	0	1	1	1	0	-0.0687859423231758	0	NA	q11-q13.43	2687400751	2718487767
R5d1xx1	20	135987	26244187	345	26108200	0.00673	0.00973	0.50271	2	2	0	1	1	1	0	0.00779829278708754	0	NA	p13-p11.1	2718709292	2744817492
R5d1xx1	20	29478403	62935280	537	33456877	0.00539	0.01246	0.4908	2	2	0	1	1	1	0	-0.0267928458865443	0	NA	q11.21-q13.33	2748051708	2781508585
R5d1xx1	21	14413813	47895293	472	33481480	0.00575	0.01247	0.48013	2	2	0	1	1	1	0	-0.0585030120484512	0	NA	q11.2-q22.3	2796012638	2829494118
R5d1xx1	22	16131356	51175001	511	35043645	0.00553	0.01305	0.47332	2	2	0	1	1	1	0	-0.0791122108605204	0	NA	q11.1-q13.33	2845860076	2880903721
R4dnaxx1	1	93709	23908144	560	23814435	0.00528	0.00887	0.47487	2	2	0	1	1	1	0	-0.0743954783380604	0	NA	p36.33-p36.11	93709	23908144
R4dnaxx1	1	23981687	103352580	1845	79370893	0.00291	0.02957	0.49134	2	2	0	1	1	1	0	-0.0252064011829719	0	NA	p36.11-p21.1	23981687	103352580
R4dnaxx1	1	103354135	103484435	146	130300	0.01035	5e-05	0.45128	2	2	0	1	1	1	0	-0.147905252831949	0	NA	p21.1	103354135	103484435
R4dnaxx1	1	103487239	121286065	318	17798826	0.00701	0.00663	0.49841	2	2	0	1	1	1	0	-0.00459508028612529	0	NA	p21.1-p11.2	103487239	121286065
R4dnaxx1	1	142633228	145321921	17	2688693	0.03032	0.001	0.7031	4	3.99996	0	1	1	1	0	0.491801799594051	2	NA	q21.1	142633228	145321921
R4dnaxx1	1	145394877	152079988	118	6685111	0.01151	0.00249	0.46252	2	2	0	1	1	1	0	-0.112412343794699	0	NA	q21.1-q21.3	145394877	152079988
R4dnaxx1	1	152080038	152464630	97	384592	0.01269	0.00014	0.60328	3	3	0	1	1	1	0	0.270899659896922	1	NA	q21.3	152080038	152464630
R4dnaxx1	1	152540134	161332285	319	8792151	0.007	0.00328	0.47451	2	2	0	1	1	1	0	-0.0754896034294111	0	NA	q21.3-q23.3	152540134	161332285
R4dnaxx1	1	161407697	186645717	950	25238020	0.00406	0.0094	0.51918	2	2	0	1	1	1	0	0.0543067136103791	0	NA	q23.3-q31.1	161407697	186645717
R4dnaxx1	1	186645763	228404958	995	41759195	0.00396	0.01556	0.48471	2	2	0	1	1	1	0	-0.0448062479894298	0	NA	q31.1-q42.13	186645763	228404958
R4dnaxx1	1	228407055	228461217	66	54162	0.01539	2e-05	0.65797	3	3	1	0.39	0.11562	0.66369	0	0.396093711204002	1	NA	q42.13	228407055	228461217
R4dnaxx1	1	228461502	228470958	78	9456	0.01415	0	0.39623	1	1	0	1	1	1	0	-0.335589978888356	-1	NA	q42.13	228461502	228470958
R4dnaxx1	1	228471244	228493062	85	21818	0.01356	1e-05	0.54692	2	2.07537	1	0.49	0.22082	0.74806	0	0.12940172525297	0	NA	q42.13	228471244	228493062
R4dnaxx1	1	228494098	228528395	124	34297	0.01123	1e-05	0.38215	1	1	0	1	1	1	0	-0.387789064533391	-1	NA	q42.13	228494098	228528395
R4dnaxx1	1	228528445	248832460	625	20304015	0.005	0.00756	0.49644	2	2	0	1	1	1	0	-0.010308731480519	0	NA	q42.13-q44	228528445	248832460
R4dnaxx1	2	86985	92106651	1344	92019666	0.00341	0.03428	0.49168	2	2	0	1	1	1	0	-0.0242084228438494	0	NA	p25.3-p11.1	249337606	341357272
R4dnaxx1	2	95400201	207459638	2068	112059437	0.00275	0.04174	0.49459	2	2	0	1	1	1	0	-0.0156950243795996	0	NA	q11.1-q33.3	344650822	456710259
R4dnaxx1	2	207460770	225285407	361	17824637	0.00658	0.00664	0.46814	2	2	0	1	1	1	0	-0.0949880541781116	0	NA	q33.3-q36.2	456711391	474536028
R4dnaxx1	2	225360006	229272167	167	3912161	0.00967	0.00146	0.36001	1	1	0	1	1	1	0	-0.47389111402675	-1	NA	q36.2-q36.3	474610627	478522788
R4dnaxx1	2	229347263	243025566	177	13678303	0.0094	0.0051	0.49493	2	2	0	1	1	1	0	-0.0147036016024834	0	NA	q36.3-q37.3	478597884	492276187
R4dnaxx1	3	135374	52437139	934	52301765	0.00409	0.01948	0.49744	2	2	0	1	1	1	0	-0.00740557309574766	0	NA	p26.3-p21.1	492585368	544887133
R4dnaxx1	3	52437186	52610729	87	173543	0.0134	6e-05	0.4102	1	1.00001	1	0.62	0.3518	0.87299	0	-0.285600603069597	-1	NA	p21.1	544887180	545060723
R4dnaxx1	3	52613048	90429560	581	37816512	0.00519	0.01409	0.4794	2	2	0	1	1	1	0	-0.0606981859003164	0	NA	p21.1-p11.1	545063042	582879554
R4dnaxx1	3	93580592	136299643	751	42719051	0.00456	0.01591	0.49209	2	2	0	1	1	1	0	-0.0230058958283659	0	NA	q11.1-q22.3	586030586	628749637
R4dnaxx1	3	136374568	197887091	1048	61512523	0.00386	0.02291	0.60912	3	3	0	1	1	1	0	0.28479838012545	1	NA	q22.3-q29	628824562	690337085
R4dnaxx1	4	245857	49263653	640	49017796	0.00494	0.01826	0.4925	2	2	0	1	1	1	0	-0.0218043703183484	0	NA	p16.3-p11	690718281	739736077
R4dnaxx1	4	52735917	190376159	2574	137640242	0.00246	0.05127	0.36188	1	1	0	1	1	1	0	-0.466416718312961	-1	Loss_4q34.3	q12-q35.2	743208341	880848583
R4dnaxx1	5	85674	46330831	933	46245157	0.00409	0.01723	0.61035	3	3	0	1	1	1	0	0.287708686245417	1	NA	p15.33-p11	881712374	927957531
R4dnaxx1	5	49630948	68265671	456	18634723	0.00585	0.00694	0.60916	3	3	0	1	1	1	0	0.284893116641943	1	NA	q11.1-q13.1	931257648	949892371
R4dnaxx1	5	68340766	110241601	554	41900835	0.00531	0.01561	0.75566	4	4	0	1	1	1	0	0.595809162511007	2	NA	q13.1-q22.1	949967466	991868301
R4dnaxx1	5	110316722	167402296	1239	57085574	0.00355	0.02126	0.60491	3	3	0	1	1	1	0	0.274792415743922	1	NA	q22.1-q34	991943422	1049028996
R4dnaxx1	5	167477223	175943952	105	8466729	0.0122	0.00315	0.75142	4	4	0	1	1	1	0	0.587691420768689	2	NA	q34-q35.2	1049103923	1057570652
R4dnaxx1	5	176018879	179967452	86	3948573	0.01348	0.00147	1.05212	7	6.99991	1	0.59	0.31828	0.84295	0	1.07329926121928	5	Gain_5q35.3	q35.2-q35.3	1057645579	1061594152
R4dnaxx1	5	180030230	180732369	126	702139	0.01114	0.00026	0.69395	4	4	1	0.68	0.43175	0.91214	0	0.472903623606832	2	NA	q35.3	1061656930	1062359069
R4dnaxx1	6	135324	28418742	376	28283418	0.00645	0.01054	0.36141	1	1	0	1	1	1	0	-0.468291669617848	-1	NA	p25.3-p22.1	1062677284	1090960702
R4dnaxx1	6	28867684	32605378	44	3737694	0.01884	0.00139	0.28287	0	0.00053	1	0.65	0.34068	0.927	1	-0.821788916195748	-2	NA	p22.1-p21.32	1091409644	1095147338
R4dnaxx1	6	32609167	32632749	31	23582	0.02245	1e-05	0.41443	1	1.01295	1	0.59	0.24632	0.89707	0	-0.27079965343464	-1	NA	p21.32	1095151127	1095174709
R4dnaxx1	6	32634335	33080338	50	446003	0.01768	0.00017	0.22343	0	0	1	NA	0.01	1	1	-1.16210518504898	-2	NA	p21.32	1095176295	1095622298
R4dnaxx1	6	33472583	37373730	53	3901147	0.01717	0.00145	0.36455	1	1	0	1	1	1	0	-0.455811393353029	-1	NA	p21.32-p21.2	1096014543	1099915690
R4dnaxx1	6	37448751	40524655	42	3075904	0.01929	0.00115	0.56983	3	3	0	1	1	1	0	0.188603482744737	1	NA	p21.2-p21.1	1099990711	1103066615
R4dnaxx1	6	40599676	49977432	126	9377756	0.01114	0.00349	0.72272	4	4	0	1	1	1	0	0.531508724000704	2	NA	p21.1-p12.3	1103141636	1112519392
R4dnaxx1	6	50052453	58539101	227	8486648	0.0083	0.00316	0.3927	1	1	0	1	1	1	0	-0.348500496883053	-1	NA	p12.3-p11.2	1112594413	1121081061
R4dnaxx1	6	61942522	170982159	2595	109039637	0.00245	0.04062	0.4835	2	2	0	1	1	1	0	-0.0484122051852459	0	NA	q11.1-q27	1124484482	1233524119
R4dnaxx1	7	121242	4839122	63	4717880	0.01575	0.00176	0.60454	3	3	0	1	1	1	0	0.273909705120446	1	NA	p22.3-p22.1	1233778269	1238496149
R4dnaxx1	7	4839270	4896738	59	57468	0.01627	2e-05	0.43986	2	2	0	0.38	0.1023	0.65989	0	-0.184883683513099	0	NA	p22.1	1238496297	1238553765
R4dnaxx1	7	4917268	57978903	1076	53061635	0.00381	0.01977	0.63825	3	3	0	1	1	1	0	0.352193537745032	1	NA	p22.1-p11.2	1238574295	1291635930
R4dnaxx1	7	61118627	100674512	1370	39555885	0.00338	0.01473	0.60065	3	3	0	1	1	1	0	0.264596479490882	1	NA	q11.1-q22.1	1294775654	1334331539
R4dnaxx1	7	100674920	100687060	243	12140	0.00802	0	0.81598	5	5	1	0.67	0.44634	0.88372	0	0.706605696703495	3	NA	q22.1	1334331947	1334344087
R4dnaxx1	7	100691270	107340651	159	6649381	0.00991	0.00248	0.60975	3	3	0	1	1	1	0	0.286289758134097	1	Gain_7q22.3	q22.1-q22.3	1334348297	1340997678
R4dnaxx1	7	107398624	107474642	22	76018	0.02665	3e-05	0.84821	5	5	0	0.93	0.52632	1	0	0.762493396848406	3	Gain_7q22.3	q22.3-q31.1	1341055651	1341131669
R4dnaxx1	7	107549129	141739983	654	34190854	0.00489	0.01274	0.6055	3	3	0	1	1	1	0	0.276198865032242	1	NA	q31.1-q34	1341206156	1375397010
R4dnaxx1	7	141740523	147206358	238	5465835	0.0081	0.00204	0.66568	3	3.00031	1	0.45	0.22688	0.66804	0	0.412900729018015	1	NA	q34-q35	1375397550	1380863385
R4dnaxx1	7	147281023	159053835	506	11772812	0.00556	0.00439	0.5889	3	3	0	1	1	1	0	0.236094578637878	1	NA	q35-q36.3	1380938050	1392710862
R4dnaxx1	8	83607	35951933	515	35868326	0.00551	0.01336	0.35993	1	1	0	1	1	1	0	-0.474211739644847	-1	Loss_8p23.2	p23.3-p12	1392879297	1428747623
R4dnaxx1	8	36027042	43613060	99	7586018	0.01256	0.00283	0.48907	2	2	0	1	1	1	0	-0.031887123727593	0	NA	p12-p11.1	1428822732	1436408750
R4dnaxx1	8	47064138	144998929	2328	97934791	0.00259	0.03648	0.49459	2	2	0	1	1	1	0	-0.0156950243795996	0	NA	q11.1-q24.3	1439859828	1537794619
R4dnaxx1	8	144998978	146230986	197	1232008	0.00891	0.00046	0.44086	2	2	1	0.37	0.141	0.593	0	-0.181607510243798	0	NA	q24.3	1537794668	1539026676
R4dnaxx1	9	86126	47238907	843	47152781	0.00431	0.01756	0.35824	1	1	0	1	1	1	0	-0.481001661584214	-1	Loss_9p21.3	p24.3-p11.2	1539245838	1586398619
R4dnaxx1	9	65543125	141078492	1462	75535367	0.00327	0.02814	0.48233	2	2	0	1	1	1	0	-0.0519075491350435	0	NA	q12-q34.3	1604702837	1680238204
R4dnaxx1	10	135526	37397220	752	37261694	0.00456	0.01388	0.34618	1	1	0	1	1	1	0	-0.530405717191176	-1	NA	p15.3-p11.21	1680508669	1717770363
R4dnaxx1	10	37472015	38940611	19	1468596	0.02868	0.00055	0.46054	2	2	0	1	1	1	0	-0.118601628482869	0	NA	p11.21-p11.1	1717845158	1719313754
R4dnaxx1	10	42818106	135299720	1378	92481614	0.00337	0.03445	0.49277	2	2	0	1	1	1	0	-0.0210136679305955	0	NA	q11.21-q26.3	1723191249	1815672863
R4dnaxx1	11	139197	1263713	149	1124516	0.01024	0.00042	0.4926	2	2	0	1	1	1	0	-0.0215114670504885	0	NA	p15.5	1816047087	1817171603
R4dnaxx1	11	1263763	1273724	171	9961	0.00956	0	0.75007	4	4	0	1	1	1	0	0.585097145974958	2	NA	p15.5	1817171653	1817181614
R4dnaxx1	11	1274030	6592991	431	5318961	0.00602	0.00198	0.4542	2	2	0	1	1	1	0	-0.138600388842562	0	NA	p15.5-p15.4	1817181920	1822500881
R4dnaxx1	11	6593040	51342530	638	44749490	0.00495	0.01667	0.48866	2	2	0	1	1	1	0	-0.0330970794442746	0	NA	p15.4-p11.12	1822500930	1867250420
R4dnaxx1	11	54769677	92258001	733	37488324	0.00462	0.01396	0.48263	2	2	0	1	1	1	0	-0.0510104994620807	0	NA	q11-q14.3	1870677567	1908165891
R4dnaxx1	11	92258046	129509160	1150	37251114	0.00369	0.01388	0.36468	1	1	0	1	1	1	0	-0.455297014193361	-1	NA	q14.3-q24.3	1908165936	1945417050
R4dnaxx1	11	129584127	129758650	98	174523	0.01263	7e-05	0.3064	1	0.9999	1	0.46	0.20067	0.71302	0	-0.706511797624492	-1	NA	q24.3	1945492017	1945666540
R4dnaxx1	11	129762599	134871978	74	5109379	0.01453	0.0019	0.38207	1	1	0	1	1	1	0	-0.388091112644387	-1	NA	q24.3-q25	1945670489	1950779868
R4dnaxx1	12	77870	34780948	606	34703078	0.00508	0.01293	0.4835	2	2	0	1	1	1	0	-0.0484122051852459	0	NA	p13.33-p11.1	1950992276	1985695354
R4dnaxx1	12	37933893	49422710	390	11488817	0.00633	0.00428	0.73652	4	4	0	1	1	1	0	0.558796606896579	2	NA	q11-q13.12	1988848299	2000337116
R4dnaxx1	12	49422761	49432232	105	9471	0.0122	0	0.63684	3	3	0	1	1	1	0	0.349002859695959	1	NA	q13.12	2000337167	2000346638
R4dnaxx1	12	49432280	49436660	68	4380	0.01516	0	0.54563	2	2.03069	1	0.48	0.19832	0.75017	0	0.125994874367253	0	NA	q13.12	2000346686	2000351066
R4dnaxx1	12	49436853	49443873	61	7020	0.016	0	0.70863	4	4	0	1	1	1	0	0.503104448659552	2	NA	q13.12	2000351259	2000358279
R4dnaxx1	12	49443921	49446169	45	2248	0.01863	0	0.48133	2	2	0	1	1	1	0	-0.0549017494935542	0	NA	q13.12	2000358327	2000360575
R4dnaxx1	12	49446325	61595025	649	12148700	0.00491	0.00453	0.76961	4	4	1	0.3	0.0991	0.48575	0	0.622199450136236	2	NA	q13.12-q14.1	2000360731	2012509431
R4dnaxx1	12	61670272	133767545	1645	72097273	0.00308	0.02686	0.4785	2	2	0	1	1	1	0	-0.0634091701760615	0	NA	q14.1-q24.33	2012584678	2084681951
R4dnaxx1	13	19095546	102258293	1104	83162747	0.00376	0.03098	0.49558	2	2	0	1	1	1	0	-0.0128101287224774	0	NA	q11-q33.1	2103861847	2187024594
R4dnaxx1	13	102333158	103402700	432	1069542	0.00601	4e-04	0.55004	3	2.67565	1	0.51	0.30543	0.71359	0	0.137608443210429	1	NA	q33.1	2187099459	2188169001
R4dnaxx1	13	103410748	115017146	156	11606398	0.01001	0.00432	0.50017	2	2	0	1	1	1	0	0.000490432945025304	0	NA	q33.1-q34	2188177049	2199783447
R4dnaxx1	14	19075426	79348625	830	60273199	0.00434	0.02245	0.47774	2	2	0	1	1	1	0	-0.0657024196990721	0	NA	q11.1-q31.1	2219011605	2279284804
R4dnaxx1	14	79423565	83187565	105	3764000	0.0122	0.0014	0.55429	3	2.98539	1	0.55	0.29091	0.79673	0	0.148712885170238	1	NA	q31.1	2279359744	2283123744
R4dnaxx1	14	83262956	107214193	321	23951237	0.00698	0.00892	0.47293	2	2	0	1	1	1	0	-0.0803014337885118	0	NA	q31.1-q32.33	2283199135	2307150372
R4dnaxx1	15	20074969	62958055	558	42883086	0.00529	0.01597	0.49438	2	2	0	1	1	1	0	-0.0163077142754309	0	NA	q11.1-q22.2	2327360688	2370243774
R4dnaxx1	15	62966007	65318268	205	2352261	0.00873	0.00088	0.42626	2	1.94756	1	0.49	0.25887	0.70983	0	-0.230194414929601	0	NA	q22.2-q22.31	2370251726	2372603987
R4dnaxx1	15	65393609	90334346	381	24940737	0.0064	0.00929	0.48835	2	2	0	1	1	1	0	-0.0340125981752685	0	NA	q22.31-q26.1	2372679328	2397620065
R4dnaxx1	15	90335380	90725961	80	390581	0.01398	0.00015	0.3989	1	1	0	0.71	0.43808	0.94474	0	-0.325900971462286	-1	NA	q26.1	2397621099	2398011680
R4dnaxx1	15	90801088	102445766	156	11644678	0.01001	0.00434	0.49703	2	2	0	1	1	1	0	-0.00859516152029151	0	NA	q26.1-q26.3	2398086807	2409731485
R4dnaxx1	16	133256	31855856	841	31722600	0.00431	0.01182	0.47503	2	2	0	1	1	1	0	-0.0739094667395232	0	NA	p13.3-p11.2	2409950367	2441672967
R4dnaxx1	16	31930573	35205897	36	3275324	0.02083	0.00122	0.75205	4	4	0	1	1	1	0	0.588900487699133	2	NA	p11.2-p11.1	2441747684	2445023008
R4dnaxx1	16	46611634	90219754	994	43608120	0.00396	0.01624	0.48592	2	2	0	1	1	1	0	-0.041209281269352	0	NA	q11.2-q24.3	2456428745	2500036865
R4dnaxx1	17	74406	20889705	637	20815299	0.00495	0.00775	0.33721	1	1	0	1	1	1	0	-0.568280774691322	-1	NA	p13.3-p11.2	2500246270	2521061569
R4dnaxx1	17	20964860	22039232	13	1074372	0.03467	4e-04	0.5008	2	2	0	1	1	1	0	0.00230646738316901	0	NA	p11.2	2521136724	2522211096
R4dnaxx1	17	25338203	71266275	773	45928072	0.0045	0.01711	0.59456	3	3	0	1	1	1	0	0.249894311945841	1	NA	q11.1-q25.1	2525510067	2571438139
R4dnaxx1	17	71334752	71640275	166	305523	0.0097	0.00011	0.51402	2	2	0	1	1	1	0	0.0398963994334884	0	NA	q25.1	2571506616	2571812139
R4dnaxx1	17	71715490	81122952	449	9407462	0.0059	0.0035	0.58374	3	3	0	1	1	1	0	0.223397835461307	1	NA	q25.1-q25.3	2571887354	2581294816
R4dnaxx1	18	235617	15334305	410	15098688	0.00617	0.00562	0.35861	1	1	0	1	1	1	0	-0.479512375924644	-1	NA	p11.32-p11.21	2581602691	2596701379
R4dnaxx1	18	18740493	77941934	777	59201441	0.00448	0.02205	0.61085	3	3	0	1	1	1	0	0.288890061222083	1	NA	q11.1-q23	2600107567	2659309008
R4dnaxx1	19	132118	8971843	189	8839725	0.00909	0.00329	0.47296	2	2	0	1	1	1	0	-0.0802099202906608	0	NA	p13.3-p13.2	2659576440	2668416165
R4dnaxx1	19	8973532	8987340	31	13808	0.02245	1e-05	0.36931	1	1	0	1	1	1	0	-0.437095767206863	-1	NA	p13.2	2668417854	2668431662
R4dnaxx1	19	8992984	9007867	84	14883	0.01364	1e-05	0.53466	2	2	1	0.39	0.12609	0.64949	0	0.0966936522433065	0	NA	p13.2	2668437306	2668452189
R4dnaxx1	19	9008164	9026313	96	18149	0.01276	1e-05	0.64743	3	3	0	0.3	0.0669	0.55782	0	0.372796122449124	1	NA	p13.2	2668452486	2668470635
R4dnaxx1	19	9027198	11138636	911	2111438	0.00414	0.00079	0.49295	2	2	0	1	1	1	0	-0.0204867736599173	0	NA	p13.2	2668471520	2670582958
R4dnaxx1	19	11141393	24105327	370	12963934	0.0065	0.00483	0.45974	2	2	0	1	1	1	0	-0.121109900581441	0	NA	p13.2-p12	2670585715	2683549649
R4dnaxx1	19	27956429	59043445	512	31087016	0.00552	0.01158	0.47811	2	2	0	1	1	1	0	-0.0645855139255929	0	NA	q11-q13.43	2687400751	2718487767
R4dnaxx1	20	135987	26244187	345	26108200	0.00673	0.00973	0.50772	2	2	0	1	1	1	0	0.0221049966406947	0	NA	p13-p11.1	2718709292	2744817492
R4dnaxx1	20	29478403	62935280	537	33456877	0.00539	0.01246	0.48954	2	2	0	1	1	1	0	-0.0305013485539231	0	NA	q11.21-q13.33	2748051708	2781508585
R4dnaxx1	21	14413813	47895293	472	33481480	0.00575	0.01247	0.44606	2	2	1	0.33	0.12373	0.52586	0	-0.164690313260976	0	NA	q11.2-q22.3	2796012638	2829494118
R4dnaxx1	22	16131356	51175001	511	35043645	0.00553	0.01305	0.46526	2	2	0	1	1	1	0	-0.103890935907899	0	NA	q11.1-q13.33	2845860076	2880903721
R2d1xx1	1	93709	23908144	560	23814435	0.00528	0.00887	0.47817	2	1.98809	0	1	1	1	0	-0.064404475521429	0	NA	p36.33-p36.11	93709	23908144
R2d1xx1	1	23981687	103352580	1845	79370893	0.00291	0.02957	0.49541	2	2	0	1	1	1	0	-0.0133051047754284	0	NA	p36.11-p21.1	23981687	103352580
R2d1xx1	1	103354135	103484435	146	130300	0.01035	5e-05	0.41202	0	0.34246	0	1	1	1	1	-0.279213725438813	-2	NA	p21.1	103354135	103484435
R2d1xx1	1	103487239	121286065	318	17798826	0.00701	0.00663	0.50652	2	2.00045	0	1	1	1	0	0.0186911402420333	0	NA	p21.1-p11.2	103487239	121286065
R2d1xx1	1	142633228	145321921	17	2688693	0.03032	0.001	0.66785	6	5.6386	0	1	1	1	0	0.417596012966672	4	NA	q21.1	142633228	145321921
R2d1xx1	1	145394877	152079988	118	6685111	0.01151	0.00249	0.46339	1	1.16354	0	1	1	1	0	-0.109701183844048	-1	NA	q21.1-q21.3	145394877	152079988
R2d1xx1	1	152080038	152464630	97	384592	0.01269	0.00014	0.58699	4	3.97767	0	1	1	1	0	0.23140783081032	2	NA	q21.3	152080038	152464630
R2d1xx1	1	152540134	161332285	319	8792151	0.007	0.00328	0.47267	2	1.86372	0	1	1	1	0	-0.081094794025576	0	NA	q21.3-q23.3	152540134	161332285
R2d1xx1	1	161407697	186645717	950	25238020	0.00406	0.0094	0.51033	2	2.00167	0	1	1	1	0	0.029502358865385	0	NA	q23.3-q31.1	161407697	186645717
R2d1xx1	1	186645763	228404958	995	41759195	0.00396	0.01556	0.47804	2	1.98832	0	1	1	1	0	-0.064796754113937	0	NA	q31.1-q42.13	186645763	228404958
R2d1xx1	1	228407055	228461217	66	54162	0.01539	2e-05	0.65456	5	5.04467	0	1	1	1	0	0.388597347451235	3	NA	q42.13	228407055	228461217
R2d1xx1	1	228461502	228470958	78	9456	0.01415	0	0.42682	1	0.99304	0	1	1	1	0	-0.228300315105561	-1	NA	q42.13	228461502	228470958
R2d1xx1	1	228471244	228493062	85	21818	0.01356	1e-05	0.55352	3	3.00034	0	1	1	1	0	0.146707351079775	1	NA	q42.13	228471244	228493062
R2d1xx1	1	228494098	228528395	124	34297	0.01123	1e-05	0.412	0	0.38029	0	1	1	1	1	-0.279283757478869	-2	NA	q42.13	228494098	228528395
R2d1xx1	1	228528445	248832460	625	20304015	0.005	0.00756	0.49243	2	1.99999	0	1	1	1	0	-0.0220094379942894	0	NA	q42.13-q44	228528445	248832460
R2d1xx1	2	86985	92106651	1344	92019666	0.00341	0.03428	0.4961	2	2	0	1	1	1	0	-0.0112971376567712	0	NA	p25.3-p11.1	249337606	341357272
R2d1xx1	2	95400201	207459638	2068	112059437	0.00275	0.04174	0.50554	2	2.00014	0	1	1	1	0	0.0158971525694322	0	NA	q11.1-q33.3	344650822	456710259
R2d1xx1	2	207460770	225285407	361	17824637	0.00658	0.00664	0.48096	2	1.99621	0	1	1	1	0	-0.0560111805204472	0	NA	q33.3-q36.2	456711391	474536028
R2d1xx1	2	225360006	229272167	167	3912161	0.00967	0.00146	0.44365	1	1.00005	0	1	1	1	0	-0.172506126396202	-1	NA	q36.2-q36.3	474610627	478522788
R2d1xx1	2	229347263	243025566	177	13678303	0.0094	0.0051	0.5024	2	2.00014	0	1	1	1	0	0.00690836934217749	0	NA	q36.3-q37.3	478597884	492276187
R2d1xx1	3	135374	52437139	934	52301765	0.00409	0.01948	0.49813	2	2	0	1	1	1	0	-0.00540579460181563	0	NA	p26.3-p21.1	492585368	544887133
R2d1xx1	3	52437186	52610729	87	173543	0.0134	6e-05	0.43603	1	0.99973	0	1	1	1	0	-0.197500695292787	-1	NA	p21.1	544887180	545060723
R2d1xx1	3	52613048	90429560	581	37816512	0.00519	0.01409	0.49952	2	2.00001	0	1	1	1	0	-0.00138565245890284	0	NA	p21.1-p11.1	545063042	582879554
R2d1xx1	3	93580592	136299643	751	42719051	0.00456	0.01591	0.49438	2	2	0	1	1	1	0	-0.0163077142754309	0	NA	q11.1-q22.3	586030586	628749637
R2d1xx1	3	136374568	197887091	1048	61512523	0.00386	0.02291	0.49325	2	1.99999	0	1	1	1	0	-0.0196090439385283	0	NA	q22.3-q29	628824562	690337085
R2d1xx1	4	245857	49263653	640	49017796	0.00494	0.01826	0.49414	2	1.99999	0	1	1	1	0	-0.0170082500594647	0	NA	p16.3-p11	690718281	739736077
R2d1xx1	4	52735917	190376159	2574	137640242	0.00246	0.05127	0.44071	1	1	0	1	1	1	0	-0.18209846220047	-1	Loss_4q34.3	q12-q35.2	743208341	880848583
R2d1xx1	5	85674	46330831	933	46245157	0.00409	0.01723	0.49765	2	2	0	1	1	1	0	-0.00679665136387552	0	NA	p15.33-p11	881712374	927957531
R2d1xx1	5	49630948	68265671	456	18634723	0.00585	0.00694	0.48046	2	1.99563	0	1	1	1	0	-0.0575117683706645	0	NA	q11.1-q13.1	931257648	949892371
R2d1xx1	5	68340766	110241601	554	41900835	0.00531	0.01561	0.56272	3	3.00437	0	1	1	1	0	0.170489145188495	1	NA	q13.1-q22.1	949967466	991868301
R2d1xx1	5	110316722	167402296	1239	57085574	0.00355	0.02126	0.49366	2	1.99999	0	1	1	1	0	-0.0184103429408822	0	NA	q22.1-q34	991943422	1049028996
R2d1xx1	5	167477223	175943952	105	8466729	0.0122	0.00315	0.54711	3	2.99971	0	1	1	1	0	0.129902830452142	1	NA	q34-q35.2	1049103923	1057570652
R2d1xx1	5	176018879	179967452	86	3948573	0.01348	0.00147	0.71079	6	6.19837	0	0.45	0.04816	0.94221	0	0.5074952895576	4	Gain_5q35.3	q35.2-q35.3	1057645579	1061594152
R2d1xx1	5	180030230	180732369	126	702139	0.01114	0.00026	0.52752	3	2.75448	0	1	1	1	0	0.0772976972335755	1	NA	q35.3	1061656930	1062359069
R2d1xx1	6	135324	28418742	376	28283418	0.00645	0.01054	0.45263	1	1.00076	0	1	1	1	0	-0.143595886294747	-1	NA	p25.3-p22.1	1062677284	1090960702
R2d1xx1	6	28867684	32605378	44	3737694	0.01884	0.00139	0.32135	0	0	1	NA	0.01	1	1	-0.637782622512831	-2	NA	p22.1-p21.32	1091409644	1095147338
R2d1xx1	6	32609167	32632749	31	23582	0.02245	1e-05	0.41998	1	0.95986	0	1	1	1	0	-0.251607468395577	-1	NA	p21.32	1095151127	1095174709
R2d1xx1	6	32634335	33080338	50	446003	0.01768	0.00017	0.28787	0	0	1	NA	0.01	1	1	-0.79651064675148	-2	NA	p21.32	1095176295	1095622298
R2d1xx1	6	33472583	37373730	53	3901147	0.01717	0.00145	0.41535	1	0.8305	0	1	1	1	0	-0.267600540461363	-1	NA	p21.32-p21.2	1096014543	1099915690
R2d1xx1	6	37448751	40524655	42	3075904	0.01929	0.00115	0.47721	2	1.9489	0	1	1	1	0	-0.0673038196680342	0	NA	p21.2-p21.1	1099990711	1103066615
R2d1xx1	6	40599676	49977432	126	9377756	0.01114	0.00349	0.49455	2	1.99997	0	1	1	1	0	-0.0158117071579059	0	NA	p21.1-p12.3	1103141636	1112519392
R2d1xx1	6	50052453	58539101	227	8486648	0.0083	0.00316	0.45213	1	1.00104	0	1	1	1	0	-0.145190447490818	-1	NA	p12.3-p11.2	1112594413	1121081061
R2d1xx1	6	61942522	170982159	2595	109039637	0.00245	0.04062	0.48532	2	1.99969	0	1	1	1	0	-0.042991780208132	0	NA	q11.1-q27	1124484482	1233524119
R2d1xx1	7	121242	4839122	63	4717880	0.01575	0.00176	0.5544	3	3.00074	0	1	1	1	0	0.148999162587764	1	NA	p22.3-p22.1	1233778269	1238496149
R2d1xx1	7	4839270	4896738	59	57468	0.01627	2e-05	0.41311	1	0.69259	0	1	1	1	0	-0.275402111488794	-1	NA	p22.1	1238496297	1238553765
R2d1xx1	7	4917268	57978903	1076	53061635	0.00381	0.01977	0.56593	3	3.01839	0	1	1	1	0	0.178695521953791	1	NA	p22.1-p11.2	1238574295	1291635930
R2d1xx1	7	61118627	100674512	1370	39555885	0.00338	0.01473	0.53474	3	2.99543	0	1	1	1	0	0.0969095033813024	1	NA	q11.1-q22.1	1294775654	1334331539
R2d1xx1	7	100674920	100687060	243	12140	0.00802	0	0.65806	5	5.05796	0	0.36	0.04011	0.87747	0	0.396291035814964	3	NA	q22.1	1334331947	1334344087
R2d1xx1	7	100691270	107340651	159	6649381	0.00991	0.00248	0.53726	3	2.99419	0	1	1	1	0	0.103692335843675	1	Gain_7q22.3	q22.1-q22.3	1334348297	1340997678
R2d1xx1	7	107398624	107474642	22	76018	0.02665	3e-05	0.73164	7	6.93449	0	1	1	1	0	0.549205856940813	5	Gain_7q22.3	q22.3-q31.1	1341055651	1341131669
R2d1xx1	7	107549129	141739983	654	34190854	0.00489	0.01274	0.54307	3	2.99989	0	1	1	1	0	0.119210073941582	1	NA	q31.1-q34	1341206156	1375397010
R2d1xx1	7	141740523	147206358	238	5465835	0.0081	0.00204	0.59535	4	3.99986	0	1	1	1	0	0.25180996817154	2	NA	q34-q35	1375397550	1380863385
R2d1xx1	7	147281023	159053835	506	11772812	0.00556	0.00439	0.53492	3	2.9942	0	1	1	1	0	0.0973950503958886	1	NA	q35-q36.3	1380938050	1392710862
R2d1xx1	8	83607	35951933	515	35868326	0.00551	0.01336	0.44655	1	1.00004	0	1	1	1	0	-0.163106372590257	-1	Loss_8p23.2	p23.3-p12	1392879297	1428747623
R2d1xx1	8	36027042	43613060	99	7586018	0.01256	0.00283	0.49401	2	1.99993	0	1	1	1	0	-0.0173878490199416	0	NA	p12-p11.1	1428822732	1436408750
R2d1xx1	8	47064138	144998929	2328	97934791	0.00259	0.03648	0.52972	3	2.95276	0	1	1	1	0	0.0833018848751968	1	Gain_8q24.21	q11.1-q24.3	1439859828	1537794619
R2d1xx1	8	144998978	146230986	197	1232008	0.00891	0.00046	0.48596	2	1.99935	0	1	1	1	0	-0.0410905262755912	0	NA	q24.3	1537794668	1539026676
R2d1xx1	9	86126	47238907	843	47152781	0.00431	0.01756	0.4816	2	1.99779	0	1	1	1	0	-0.0540927027897474	0	NA	p24.3-p11.2	1539245838	1586398619
R2d1xx1	9	65543125	141078492	1462	75535367	0.00327	0.02814	0.4871	2	1.99986	0	1	1	1	0	-0.0377101117090013	0	NA	q12-q34.3	1604702837	1680238204
R2d1xx1	10	135526	37397220	752	37261694	0.00456	0.01388	0.43576	1	0.99993	0	1	1	1	0	-0.198394322596368	-1	NA	p15.3-p11.21	1680508669	1717770363
R2d1xx1	10	37472015	38940611	19	1468596	0.02868	0.00055	0.52457	2	2.2888	0	1	1	1	0	0.0692072077807035	0	NA	p11.21-p11.1	1717845158	1719313754
R2d1xx1	10	42818106	135299720	1378	92481614	0.00337	0.03445	0.49596	2	2	0	1	1	1	0	-0.0117043253411153	0	NA	q11.21-q26.3	1723191249	1815672863
R2d1xx1	11	139197	1263713	149	1124516	0.01024	0.00042	0.5127	2	2.01006	0	1	1	1	0	0.0361868028478463	0	NA	p15.5	1816047087	1817171603
R2d1xx1	11	1263763	1273724	171	9961	0.00956	0	0.72081	7	6.92435	0	0.66	0.11773	0.97069	0	0.527690931317272	5	NA	p15.5	1817171653	1817181614
R2d1xx1	11	1274030	6592991	431	5318961	0.00602	0.00198	0.47067	2	1.71952	0	1	1	1	0	-0.0872121947612682	0	NA	p15.5-p15.4	1817181920	1822500881
R2d1xx1	11	6593040	51342530	638	44749490	0.00495	0.01667	0.49545	2	2	0	1	1	1	0	-0.0131886245427681	0	NA	p15.4-p11.12	1822500930	1867250420
R2d1xx1	11	54769677	92258001	733	37488324	0.00462	0.01396	0.48263	2	1.99861	0	1	1	1	0	-0.0510104994620807	0	NA	q11-q14.3	1870677567	1908165891
R2d1xx1	11	92258046	129509160	1150	37251114	0.00369	0.01388	0.50181	2	2.00003	0	1	1	1	0	0.00521312597263425	0	NA	q14.3-q24.3	1908165936	1945417050
R2d1xx1	11	129584127	129758650	98	174523	0.01263	7e-05	0.43221	1	0.99903	0	1	1	1	0	-0.21019564281139	-1	NA	q24.3	1945492017	1945666540
R2d1xx1	11	129762599	134871978	74	5109379	0.01453	0.0019	0.50537	2	2.00162	0	1	1	1	0	0.0154119300288241	0	NA	q24.3-q25	1945670489	1950779868
R2d1xx1	12	77870	34780948	606	34703078	0.00508	0.01293	0.52976	3	2.9432	0	1	1	1	0	0.0834108209601876	1	Gain_12p11.21	p13.33-p11.1	1950992276	1985695354
R2d1xx1	12	37933893	49422710	390	11488817	0.00633	0.00428	0.53745	3	2.99785	0	1	1	1	0	0.104202449382443	1	NA	q11-q13.12	1988848299	2000337116
R2d1xx1	12	49422761	49432232	105	9471	0.0122	0	0.4826	2	1.99546	0	1	1	1	0	-0.0511001793336981	0	NA	q13.12	2000337167	2000346638
R2d1xx1	12	49432280	49436660	68	4380	0.01516	0	0.40542	0	0.14453	0	1	1	1	1	-0.302510833933803	-2	NA	q13.12	2000346686	2000351066
R2d1xx1	12	49436853	49443873	61	7020	0.016	0	0.53485	3	2.94094	0	1	1	1	0	0.0972062459743658	1	NA	q13.12	2000351259	2000358279
R2d1xx1	12	49443921	49446169	45	2248	0.01863	0	0.35196	0	0	1	NA	0.01	1	1	-0.5065166179587	-2	NA	q13.12	2000358327	2000360575
R2d1xx1	12	49446325	61595025	649	12148700	0.00491	0.00453	0.51317	2	2.00691	0	1	1	1	0	0.0375087378233494	0	NA	q13.12-q14.1	2000360731	2012509431
R2d1xx1	12	61670272	133767545	1645	72097273	0.00308	0.02686	0.51896	2	2.09368	0	1	1	1	0	0.0536952490415409	0	NA	q14.1-q24.33	2012584678	2084681951
R2d1xx1	13	19095546	102258293	1104	83162747	0.00376	0.03098	0.4832	2	1.99903	0	1	1	1	0	-0.0493076402243704	0	NA	q11-q33.1	2103861847	2187024594
R2d1xx1	13	102333158	103402700	432	1069542	0.00601	4e-04	0.55179	3	3.00003	0	1	1	1	0	0.142191216314268	1	NA	q33.1	2187099459	2188169001
R2d1xx1	13	103410748	115017146	156	11606398	0.01001	0.00432	0.50885	2	2.00213	0	1	1	1	0	0.025312343046069	0	NA	q33.1-q34	2188177049	2199783447
R2d1xx1	14	19075426	79348625	830	60273199	0.00434	0.02245	0.47283	2	1.87418	0	1	1	1	0	-0.0806065207125234	0	NA	q11.1-q31.1	2219011605	2279284804
R2d1xx1	14	79423565	83187565	105	3764000	0.0122	0.0014	0.53641	3	2.98522	0	1	1	1	0	0.101408037985023	1	NA	q31.1	2279359744	2283123744
R2d1xx1	14	83262956	107214193	321	23951237	0.00698	0.00892	0.4729	2	1.87527	0	1	1	1	0	-0.080392953091645	0	NA	q31.1-q32.33	2283199135	2307150372
R2d1xx1	15	20074969	62958055	558	42883086	0.00529	0.01597	0.50463	2	2.00014	0	1	1	1	0	0.0132978814718149	0	NA	q11.1-q22.2	2327360688	2370243774
R2d1xx1	15	62966007	65318268	205	2352261	0.00873	0.00088	0.44331	1	1.00002	0	1	1	1	0	-0.173612188310896	-1	NA	q22.2-q22.31	2370251726	2372603987
R2d1xx1	15	65393609	90334346	381	24940737	0.0064	0.00929	0.50747	2	2.00061	0	1	1	1	0	0.0213944424242169	0	NA	q22.31-q26.1	2372679328	2397620065
R2d1xx1	15	90335380	90725961	80	390581	0.01398	0.00015	0.42232	1	0.96998	0	1	1	1	0	-0.243591523766184	-1	NA	q26.1	2397621099	2398011680
R2d1xx1	15	90801088	102445766	156	11644678	0.01001	0.00434	0.50751	2	2.00126	0	1	1	1	0	0.0215081546188719	0	NA	q26.1-q26.3	2398086807	2409731485
R2d1xx1	16	133256	31855856	841	31722600	0.00431	0.01182	0.48704	2	1.99983	0	1	1	1	0	-0.0378878309332664	0	NA	p13.3-p11.2	2409950367	2441672967
R2d1xx1	16	31930573	35205897	36	3275324	0.02083	0.00122	0.71277	6	6.33282	0	1	1	1	0	0.511508521206417	4	NA	p11.2-p11.1	2441747684	2445023008
R2d1xx1	16	46611634	90219754	994	43608120	0.00396	0.01624	0.47454	2	1.94045	0	1	1	1	0	-0.0753983946390605	0	NA	q11.2-q24.3	2456428745	2500036865
R2d1xx1	17	74406	20889705	637	20815299	0.00495	0.00775	0.42967	1	0.99875	0	1	1	1	0	-0.218699044706272	-1	NA	p13.3-p11.2	2500246270	2521061569
R2d1xx1	17	20964860	22039232	13	1074372	0.03467	4e-04	0.64479	5	4.95715	0	1	1	1	0	0.366901274502275	3	NA	p11.2	2521136724	2522211096
R2d1xx1	17	25338203	71266275	773	45928072	0.0045	0.01711	0.5217	2	2.27876	0	1	1	1	0	0.0612923384782941	0	NA	q11.1-q25.1	2525510067	2571438139
R2d1xx1	17	71334752	71640275	166	305523	0.0097	0.00011	0.47408	2	1.91646	0	1	1	1	0	-0.0767975634755294	0	NA	q25.1	2571506616	2571812139
R2d1xx1	17	71715490	81122952	449	9407462	0.0059	0.0035	0.52308	2	2.41537	0	1	1	1	0	0.0651035146383418	0	NA	q25.1-q25.3	2571887354	2581294816
R2d1xx1	18	235617	15334305	410	15098688	0.00617	0.00562	0.48666	2	1.99973	0	1	1	1	0	-0.0390138946969932	0	NA	p11.32-p11.21	2581602691	2596701379
R2d1xx1	18	18740493	77941934	777	59201441	0.00448	0.02205	0.50309	2	2.00006	0	1	1	1	0	0.00888841834211294	0	NA	q11.1-q23	2600107567	2659309008
R2d1xx1	19	132118	8971843	189	8839725	0.00909	0.00329	0.47874	2	1.98697	0	1	1	1	0	-0.0626857427867579	0	NA	p13.3-p13.2	2659576440	2668416165
R2d1xx1	19	8973532	8987340	31	13808	0.02245	1e-05	0.37861	0	0.00307	0	NA	0.01	1	1	-0.401215578299305	-2	NA	p13.2	2668417854	2668431662
R2d1xx1	19	8992984	9007867	84	14883	0.01364	1e-05	0.53838	3	2.9889	0	1	1	1	0	0.106696722124853	1	NA	p13.2	2668437306	2668452189
R2d1xx1	19	9008164	9026313	96	18149	0.01276	1e-05	0.614	4	4.0765	0	1	1	1	0	0.296310560708092	2	NA	p13.2	2668452486	2668470635
R2d1xx1	19	9027198	11138636	911	2111438	0.00414	0.00079	0.49724	2	2	0	1	1	1	0	-0.00798573759501619	0	NA	p13.2	2668471520	2670582958
R2d1xx1	19	11141393	24105327	370	12963934	0.0065	0.00483	0.46259	1	1.06378	0	1	1	1	0	-0.112194015913571	-1	NA	p13.2-p12	2670585715	2683549649
R2d1xx1	19	27956429	59043445	512	31087016	0.00552	0.01158	0.4805	2	1.99583	0	1	1	1	0	-0.0573916638883367	0	NA	q11-q13.43	2687400751	2718487767
R2d1xx1	20	135987	26244187	345	26108200	0.00673	0.00973	0.50153	2	2.00004	0	1	1	1	0	0.00440790616292798	0	NA	p13-p11.1	2718709292	2744817492
R2d1xx1	20	29478403	62935280	537	33456877	0.00539	0.01246	0.49858	2	2.00001	0	1	1	1	0	-0.00410308305580589	0	NA	q11.21-q13.33	2748051708	2781508585
R2d1xx1	21	14413813	47895293	472	33481480	0.00575	0.01247	0.48273	2	1.99847	0	1	1	1	0	-0.0507116068114531	0	NA	q11.2-q22.3	2796012638	2829494118
R2d1xx1	22	16131356	51175001	511	35043645	0.00553	0.01305	0.48646	2	1.99974	0	1	1	1	0	-0.0396069130549355	0	NA	q11.1-q13.33	2845860076	2880903721
R3d1xx1	1	93709	23908144	560	23814435	0.00528	0.00887	0.47237	2	2	0	1	1	1	0	-0.0820107521369894	0	NA	p36.33-p36.11	93709	23908144
R3d1xx1	1	23981687	103352580	1845	79370893	0.00291	0.02957	0.49986	2	2	0	1	1	1	0	-0.000404011175653334	0	NA	p36.11-p21.1	23981687	103352580
R3d1xx1	1	103354135	103484435	146	130300	0.01035	5e-05	0.39153	1	0.99831	0	1	1	1	0	-0.352805240262384	-1	NA	p21.1	103354135	103484435
R3d1xx1	1	103487239	121286065	318	17798826	0.00701	0.00663	0.49019	2	2	0	1	1	1	0	-0.0285870417261932	0	NA	p21.1-p11.2	103487239	121286065
R3d1xx1	1	142633228	145321921	17	2688693	0.03032	0.001	0.66869	5	4.84152	0	1	1	1	0	0.419409447647127	3	NA	q21.1	142633228	145321921
R3d1xx1	1	145394877	152079988	118	6685111	0.01151	0.00249	0.46571	2	1.99961	0	1	1	1	0	-0.102496233997071	0	NA	q21.1-q21.3	145394877	152079988
R3d1xx1	1	152080038	152464630	97	384592	0.01269	0.00014	0.58313	3	3.11856	0	1	1	1	0	0.221889451399484	1	NA	q21.3	152080038	152464630
R3d1xx1	1	152540134	161332285	319	8792151	0.007	0.00328	0.46671	2	1.99994	0	1	1	1	0	-0.0994017152308005	0	NA	q21.3-q23.3	152540134	161332285
R3d1xx1	1	161407697	186645717	950	25238020	0.00406	0.0094	0.51026	2	2.00056	0	1	1	1	0	0.0293044563716893	0	NA	q23.3-q31.1	161407697	186645717
R3d1xx1	1	186645763	228404958	995	41759195	0.00396	0.01556	0.48106	2	2	0	1	1	1	0	-0.055711250155988	0	NA	q31.1-q42.13	186645763	228404958
R3d1xx1	1	228407055	228461217	66	54162	0.01539	2e-05	0.68283	5	4.99999	0	1	1	1	0	0.449598349389895	3	NA	q42.13	228407055	228461217
R3d1xx1	1	228461502	228470958	78	9456	0.01415	0	0.42106	1	1	0	1	1	1	0	-0.24790226650128	-1	NA	q42.13	228461502	228470958
R3d1xx1	1	228471244	228493062	85	21818	0.01356	1e-05	0.5648	3	3.00003	0	1	1	1	0	0.175811993721731	1	NA	q42.13	228471244	228493062
R3d1xx1	1	228494098	228528395	124	34297	0.01123	1e-05	0.40059	1	0.99998	0	1	1	1	0	-0.31980168754223	-1	NA	q42.13	228494098	228528395
R3d1xx1	1	228528445	248832460	625	20304015	0.005	0.00756	0.47983	2	2	0	1	1	1	0	-0.059404734050111	0	NA	q42.13-q44	228528445	248832460
R3d1xx1	2	86985	92106651	1344	92019666	0.00341	0.03428	0.48454	2	2	0	1	1	1	0	-0.0453123262137599	0	NA	p25.3-p11.1	249337606	341357272
R3d1xx1	2	95400201	207459638	2068	112059437	0.00275	0.04174	0.50323	2	2	0	1	1	1	0	0.00928983599659143	0	NA	q11.1-q33.3	344650822	456710259
R3d1xx1	2	207460770	225285407	361	17824637	0.00658	0.00664	0.46265	2	1.9993	0	1	1	1	0	-0.112006904023522	0	NA	q33.3-q36.2	456711391	474536028
R3d1xx1	2	225360006	229272167	167	3912161	0.00967	0.00146	0.41917	1	1	0	1	1	1	0	-0.254392628011988	-1	NA	q36.2-q36.3	474610627	478522788
R3d1xx1	2	229347263	243025566	177	13678303	0.0094	0.0051	0.50723	2	2.00025	0	1	1	1	0	0.0207119809749804	0	NA	q36.3-q37.3	478597884	492276187
R3d1xx1	3	135374	52437139	934	52301765	0.00409	0.01948	0.49353	2	2	0	1	1	1	0	-0.0187903110450964	0	NA	p26.3-p21.1	492585368	544887133
R3d1xx1	3	52437186	52610729	87	173543	0.0134	6e-05	0.42549	1	1.00001	0	1	1	1	0	-0.232802869250956	-1	NA	p21.1	544887180	545060723
R3d1xx1	3	52613048	90429560	581	37816512	0.00519	0.01409	0.48761	2	2	0	1	1	1	0	-0.0362003815574725	0	NA	p21.1-p11.1	545063042	582879554
R3d1xx1	3	93580592	136299643	751	42719051	0.00456	0.01591	0.50049	2	2	0	1	1	1	0	0.00141314881019779	0	NA	q11.1-q22.3	586030586	628749637
R3d1xx1	3	136374568	197887091	1048	61512523	0.00386	0.02291	0.49387	2	2	0	1	1	1	0	-0.0177967596306973	0	NA	q22.3-q29	628824562	690337085
R3d1xx1	4	245857	49263653	640	49017796	0.00494	0.01826	0.4836	2	2	0	1	1	1	0	-0.0481138503003259	0	NA	p16.3-p11	690718281	739736077
R3d1xx1	4	52735917	190376159	2574	137640242	0.00246	0.05127	0.42264	1	1	0	1	1	1	0	-0.242498779884447	-1	Loss_4q34.3	q12-q35.2	743208341	880848583
R3d1xx1	5	85674	46330831	933	46245157	0.00409	0.01723	0.55149	3	3	0	1	1	1	0	0.141406631217223	1	NA	p15.33-p11	881712374	927957531
R3d1xx1	5	49630948	68265671	456	18634723	0.00585	0.00694	0.55359	3	3	0	1	1	1	0	0.146889787609111	1	NA	q11.1-q13.1	931257648	949892371
R3d1xx1	5	68340766	110241601	554	41900835	0.00531	0.01561	0.64256	4	4.00088	0	1	1	1	0	0.36190307951396	2	NA	q13.1-q22.1	949967466	991868301
R3d1xx1	5	110316722	167402296	1239	57085574	0.00355	0.02126	0.56253	3	3	0	1	1	1	0	0.170001943126066	1	NA	q22.1-q34	991943422	1049028996
R3d1xx1	5	167477223	175943952	105	8466729	0.0122	0.00315	0.65221	4	4.23975	0	0.53	0.10062	0.92448	0	0.383408466468577	2	NA	q34-q35.2	1049103923	1057570652
R3d1xx1	5	176018879	179967452	86	3948573	0.01348	0.00147	0.85222	8	7.96874	1	0.57	0.11681	0.94573	0	0.769297814364327	6	Gain_5q35.3	q35.2-q35.3	1057645579	1061594152
R3d1xx1	5	180030230	180732369	126	702139	0.01114	0.00026	0.61302	4	4	0	1	1	1	0	0.294006048245869	2	NA	q35.3	1061656930	1062359069
R3d1xx1	6	135324	28418742	376	28283418	0.00645	0.01054	0.41325	1	1	0	1	1	1	0	-0.274913275369773	-1	NA	p25.3-p22.1	1062677284	1090960702
R3d1xx1	6	28867684	32605378	44	3737694	0.01884	0.00139	0.30022	0	0	1	NA	0.01	1	1	-0.735908005538006	-2	NA	p22.1-p21.32	1091409644	1095147338
R3d1xx1	6	32609167	32632749	31	23582	0.02245	1e-05	0.40481	1	0.99992	0	1	1	1	0	-0.304683165595719	-1	NA	p21.32	1095151127	1095174709
R3d1xx1	6	32634335	33080338	50	446003	0.01768	0.00017	0.25578	0	0	1	NA	0.01	1	1	-0.967024633751719	-2	NA	p21.32	1095176295	1095622298
R3d1xx1	6	33472583	37373730	53	3901147	0.01717	0.00145	0.38109	1	0.85908	0	1	1	1	0	-0.391796343309553	-1	NA	p21.32-p21.2	1096014543	1099915690
R3d1xx1	6	37448751	40524655	42	3075904	0.01929	0.00115	0.54829	3	2.99978	0	1	1	1	0	0.133011066360023	1	NA	p21.2-p21.1	1099990711	1103066615
R3d1xx1	6	40599676	49977432	126	9377756	0.01114	0.00349	0.63218	4	4.00001	0	1	1	1	0	0.33840729916993	2	NA	p21.1-p12.3	1103141636	1112519392
R3d1xx1	6	50052453	58539101	227	8486648	0.0083	0.00316	0.50913	2	2.00057	0	1	1	1	0	0.0261059826492751	0	NA	p12.3-p11.2	1112594413	1121081061
R3d1xx1	6	61942522	170982159	2595	109039637	0.00245	0.04062	0.4826	2	2	0	1	1	1	0	-0.0511001793336981	0	NA	q11.1-q27	1124484482	1233524119
R3d1xx1	7	121242	4839122	63	4717880	0.01575	0.00176	0.55563	3	3	0	1	1	1	0	0.15219640162917	1	NA	p22.3-p22.1	1233778269	1238496149
R3d1xx1	7	4839270	4896738	59	57468	0.01627	2e-05	0.41117	1	1	0	1	1	1	0	-0.282193089183704	-1	NA	p22.1	1238496297	1238553765
R3d1xx1	7	4917268	57978903	1076	53061635	0.00381	0.01977	0.58646	3	3.46877	0	0.52	0.17552	0.85975	0	0.230104616487316	1	NA	p22.1-p11.2	1238574295	1291635930
R3d1xx1	7	61118627	100674512	1370	39555885	0.00338	0.01473	0.55528	3	3	0	1	1	1	0	0.151287339183034	1	NA	q11.1-q22.1	1294775654	1334331539
R3d1xx1	7	100674920	100687060	243	12140	0.00802	0	0.67905	5	5	0	1	1	1	0	0.441589712419546	3	NA	q22.1	1334331947	1334344087
R3d1xx1	7	100691270	107340651	159	6649381	0.00991	0.00248	0.56417	3	3	0	1	1	1	0	0.174201857101443	1	Gain_7q22.3	q22.1-q22.3	1334348297	1340997678
R3d1xx1	7	107398624	107474642	22	76018	0.02665	3e-05	0.73189	6	5.71119	1	0.74	0.11227	0.97837	0	0.549698738895717	4	Gain_7q22.3	q22.3-q31.1	1341055651	1341131669
R3d1xx1	7	107549129	141739983	654	34190854	0.00489	0.01274	0.54518	3	3	0	1	1	1	0	0.124804542769212	1	NA	q31.1-q34	1341206156	1375397010
R3d1xx1	7	141740523	147206358	238	5465835	0.0081	0.00204	0.63134	4	4	0	1	1	1	0	0.336489064376839	2	NA	q34-q35	1375397550	1380863385
R3d1xx1	7	147281023	159053835	506	11772812	0.00556	0.00439	0.54908	3	3	0	1	1	1	0	0.135088267812941	1	NA	q35-q36.3	1380938050	1392710862
R3d1xx1	8	83607	35951933	515	35868326	0.00551	0.01336	0.42726	1	1	0	1	1	1	0	-0.226813836381907	-1	Loss_8p23.2	p23.3-p12	1392879297	1428747623
R3d1xx1	8	36027042	43613060	99	7586018	0.01256	0.00283	0.50069	2	2.00003	0	1	1	1	0	0.0019895466847376	0	NA	p12-p11.1	1428822732	1436408750
R3d1xx1	8	47064138	144998929	2328	97934791	0.00259	0.03648	0.49579	2	2	0	1	1	1	0	-0.0121989220829419	0	NA	q11.1-q24.3	1439859828	1537794619
R3d1xx1	8	144998978	146230986	197	1232008	0.00891	0.00046	0.44347	1	1.01804	0	1	1	1	0	-0.173091582954331	-1	NA	q24.3	1537794668	1539026676
R3d1xx1	9	86126	47238907	843	47152781	0.00431	0.01756	0.41604	1	1	0	1	1	1	0	-0.265205852512822	-1	Loss_9p21.3	p24.3-p11.2	1539245838	1586398619
R3d1xx1	9	65543125	141078492	1462	75535367	0.00327	0.02814	0.48448	2	2	0	1	1	1	0	-0.04549098445108	0	NA	q12-q34.3	1604702837	1680238204
R3d1xx1	10	135526	37397220	752	37261694	0.00456	0.01388	0.40734	1	1	0	1	1	1	0	-0.295694603727607	-1	NA	p15.3-p11.21	1680508669	1717770363
R3d1xx1	10	37472015	38940611	19	1468596	0.02868	0.00055	0.56187	3	3.00157	0	1	1	1	0	0.168308277461991	1	NA	p11.21-p11.1	1717845158	1719313754
R3d1xx1	10	42818106	135299720	1378	92481614	0.00337	0.03445	0.48886	2	2	0	1	1	1	0	-0.0325067303727385	0	NA	q11.21-q26.3	1723191249	1815672863
R3d1xx1	11	139197	1263713	149	1124516	0.01024	0.00042	0.4981	2	2	0	1	1	1	0	-0.00549268387686215	0	NA	p15.5	1816047087	1817171603
R3d1xx1	11	1263763	1273724	171	9961	0.00956	0	0.71842	5	5.16404	1	0.53	0.12363	0.9149	0	0.522899418748468	3	NA	p15.5	1817171653	1817181614
R3d1xx1	11	1274030	6592991	431	5318961	0.00602	0.00198	0.46529	2	1.99988	0	1	1	1	0	-0.103797913821516	0	NA	p15.5-p15.4	1817181920	1822500881
R3d1xx1	11	6593040	51342530	638	44749490	0.00495	0.01667	0.50656	2	2.00006	0	1	1	1	0	0.0188050657003694	0	NA	p15.4-p11.12	1822500930	1867250420
R3d1xx1	11	54769677	92258001	733	37488324	0.00462	0.01396	0.48327	2	2	0	1	1	1	0	-0.0490986556660525	0	NA	q11-q14.3	1870677567	1908165891
R3d1xx1	11	92258046	129509160	1150	37251114	0.00369	0.01388	0.50261	2	2	0	1	1	1	0	0.00751128068235531	0	NA	q14.3-q24.3	1908165936	1945417050
R3d1xx1	11	129584127	129758650	98	174523	0.01263	7e-05	0.4057	1	1	0	1	1	1	0	-0.301514792343177	-1	NA	q24.3	1945492017	1945666540
R3d1xx1	11	129762599	134871978	74	5109379	0.01453	0.0019	0.4865	2	2	0	1	1	1	0	-0.0394882898809755	0	NA	q24.3-q25	1945670489	1950779868
R3d1xx1	12	77870	34780948	606	34703078	0.00508	0.01293	0.47503	2	2	0	1	1	1	0	-0.0739094667395232	0	NA	p13.33-p11.1	1950992276	1985695354
R3d1xx1	12	37933893	49422710	390	11488817	0.00633	0.00428	0.61985	4	4	0	1	1	1	0	0.309991039260069	2	NA	q11-q13.12	1988848299	2000337116
R3d1xx1	12	49422761	49432232	105	9471	0.0122	0	0.55417	3	3	0	1	1	1	0	0.14840051773148	1	NA	q13.12	2000337167	2000346638
R3d1xx1	12	49432280	49436660	68	4380	0.01516	0	0.45733	2	1.96445	0	1	1	1	0	-0.128692534518729	0	NA	q13.12	2000346686	2000351066
R3d1xx1	12	49436853	49443873	61	7020	0.016	0	0.59132	4	3.81183	0	1	1	1	0	0.242010978786907	2	NA	q13.12	2000351259	2000358279
R3d1xx1	12	49443921	49446169	45	2248	0.01863	0	0.42718	1	1.00042	0	1	1	1	0	-0.227083991345645	-1	NA	q13.12	2000358327	2000360575
R3d1xx1	12	49446325	61595025	649	12148700	0.00491	0.00453	0.59514	4	3.99556	0	1	1	1	0	0.251300991259967	2	NA	q13.12-q14.1	2000360731	2012509431
R3d1xx1	12	61670272	133767545	1645	72097273	0.00308	0.02686	0.47672	2	2	0	1	1	1	0	-0.0687859423231758	0	NA	q14.1-q24.33	2012584678	2084681951
R3d1xx1	13	19095546	102258293	1104	83162747	0.00376	0.03098	0.48991	2	2	0	1	1	1	0	-0.0294113548012644	0	NA	q11-q33.1	2103861847	2187024594
R3d1xx1	13	102333158	103402700	432	1069542	0.00601	4e-04	0.55298	3	3	0	1	1	1	0	0.145299207593234	1	NA	q33.1	2187099459	2188169001
R3d1xx1	13	103410748	115017146	156	11606398	0.01001	0.00432	0.46342	2	1.99912	0	1	1	1	0	-0.109607786381263	0	NA	q33.1-q34	2188177049	2199783447
R3d1xx1	14	19075426	79348625	830	60273199	0.00434	0.02245	0.49315	2	2	0	1	1	1	0	-0.0199015611822088	0	NA	q11.1-q31.1	2219011605	2279284804
R3d1xx1	14	79423565	83187565	105	3764000	0.0122	0.0014	0.5571	3	3	0	1	1	1	0	0.156008221107128	1	NA	q31.1	2279359744	2283123744
R3d1xx1	14	83262956	107214193	321	23951237	0.00698	0.00892	0.49267	2	2	0	1	1	1	0	-0.0213064701399316	0	NA	q31.1-q32.33	2283199135	2307150372
R3d1xx1	15	20074969	62958055	558	42883086	0.00529	0.01597	0.49524	2	2	0	1	1	1	0	-0.0138002507086209	0	NA	q11.1-q22.2	2327360688	2370243774
R3d1xx1	15	62966007	65318268	205	2352261	0.00873	0.00088	0.43329	1	1.00005	0	1	1	1	0	-0.206595154185471	-1	NA	q22.2-q22.31	2370251726	2372603987
R3d1xx1	15	65393609	90334346	381	24940737	0.0064	0.00929	0.48775	2	2	0	1	1	1	0	-0.0357862220530606	0	NA	q22.31-q26.1	2372679328	2397620065
R3d1xx1	15	90335380	90725961	80	390581	0.01398	0.00015	0.40796	1	1	0	1	1	1	0	-0.293500390314695	-1	NA	q26.1	2397621099	2398011680
R3d1xx1	15	90801088	102445766	156	11644678	0.01001	0.00434	0.50024	2	2.00001	0	1	1	1	0	0.000692327474322415	0	NA	q26.1-q26.3	2398086807	2409731485
R3d1xx1	16	133256	31855856	841	31722600	0.00431	0.01182	0.48277	2	2	0	1	1	1	0	-0.0505920670876446	0	NA	p13.3-p11.2	2409950367	2441672967
R3d1xx1	16	31930573	35205897	36	3275324	0.02083	0.00122	0.68226	5	4.99972	0	1	1	1	0	0.448393540591796	3	NA	p11.2-p11.1	2441747684	2445023008
R3d1xx1	16	46611634	90219754	994	43608120	0.00396	0.01624	0.48599	2	2	0	1	1	1	0	-0.0410014664448583	0	NA	q11.2-q24.3	2456428745	2500036865
R3d1xx1	17	74406	20889705	637	20815299	0.00495	0.00775	0.40271	1	1	0	1	1	1	0	-0.312186797494969	-1	NA	p13.3-p11.2	2500246270	2521061569
R3d1xx1	17	20964860	22039232	13	1074372	0.03467	4e-04	0.55053	3	2.97229	0	1	1	1	0	0.138893087743253	1	NA	p11.2	2521136724	2522211096
R3d1xx1	17	25338203	71266275	773	45928072	0.0045	0.01711	0.54374	3	3	0	1	1	1	0	0.120988868394797	1	NA	q11.1-q25.1	2525510067	2571438139
R3d1xx1	17	71334752	71640275	166	305523	0.0097	0.00011	0.48424	2	2	0	1	1	1	0	-0.0462058387266139	0	NA	q25.1	2571506616	2571812139
R3d1xx1	17	71715490	81122952	449	9407462	0.0059	0.0035	0.52409	3	2.80328	0	1	1	1	0	0.0678864867310036	1	NA	q25.1-q25.3	2571887354	2581294816
R3d1xx1	18	235617	15334305	410	15098688	0.00617	0.00562	0.41108	1	1	0	1	1	1	0	-0.282508911753965	-1	NA	p11.32-p11.21	2581602691	2596701379
R3d1xx1	18	18740493	77941934	777	59201441	0.00448	0.02205	0.57834	3	3.00455	0	1	1	1	0	0.209989792476913	1	NA	q11.1-q23	2600107567	2659309008
R3d1xx1	19	132118	8971843	189	8839725	0.00909	0.00329	0.46771	2	1.99993	0	1	1	1	0	-0.0963138198697042	0	NA	p13.3-p13.2	2659576440	2668416165
R3d1xx1	19	8973532	8987340	31	13808	0.02245	1e-05	0.38239	1	0.9428	0	1	1	1	0	-0.386883299442783	-1	NA	p13.2	2668417854	2668431662
R3d1xx1	19	8992984	9007867	84	14883	0.01364	1e-05	0.541	3	2.99977	0	1	1	1	0	0.113700499164728	1	NA	p13.2	2668437306	2668452189
R3d1xx1	19	9008164	9026313	96	18149	0.01276	1e-05	0.6383	4	4.0004	0	1	1	1	0	0.352306552906336	2	NA	p13.2	2668452486	2668470635
R3d1xx1	19	9027198	11138636	911	2111438	0.00414	0.00079	0.51068	2	2.00075	0	1	1	1	0	0.0304914643277995	0	NA	p13.2	2668471520	2670582958
R3d1xx1	19	11141393	24105327	370	12963934	0.0065	0.00483	0.44975	1	1.34695	0	1	1	1	0	-0.152804813410605	-1	NA	p13.2-p12	2670585715	2683549649
R3d1xx1	19	27956429	59043445	512	31087016	0.00552	0.01158	0.47359	2	2	0	1	1	1	0	-0.0782894765529375	0	NA	q11-q13.43	2687400751	2718487767
R3d1xx1	20	135987	26244187	345	26108200	0.00673	0.00973	0.50299	2	2.00001	0	1	1	1	0	0.00860162304837092	0	NA	p13-p11.1	2718709292	2744817492
R3d1xx1	20	29478403	62935280	537	33456877	0.00539	0.01246	0.49107	2	2	0	1	1	1	0	-0.0259994054700772	0	NA	q11.21-q13.33	2748051708	2781508585
R3d1xx1	21	14413813	47895293	472	33481480	0.00575	0.01247	0.48985	2	2	0	1	1	1	0	-0.029588054610527	0	NA	q11.2-q22.3	2796012638	2829494118
R3d1xx1	22	16131356	51175001	511	35043645	0.00553	0.01305	0.48542	2	2	0	1	1	1	0	-0.0426945440695175	0	NA	q11.1-q13.33	2845860076	2880903721
R1d1xx1	1	93709	23908144	560	23814435	0.00528	0.00887	0.47094	2	1.75589	0	1	1	1	0	-0.0863848295639659	0	NA	p36.33-p36.11	93709	23908144
R1d1xx1	1	23981687	103352580	1845	79370893	0.00291	0.02957	0.49837	2	2	0	1	1	1	0	-0.00471086872824209	0	NA	p36.11-p21.1	23981687	103352580
R1d1xx1	1	103354135	103484435	146	130300	0.01035	5e-05	0.39104	0	8e-05	0	1	1	1	1	-0.354611904618082	-2	NA	p21.1	103354135	103484435
R1d1xx1	1	103487239	121286065	318	17798826	0.00701	0.00663	0.49761	2	2	0	1	1	1	0	-0.00691261664263003	0	NA	p21.1-p11.2	103487239	121286065
R1d1xx1	1	142633228	145321921	17	2688693	0.03032	0.001	0.67948	5	5.12969	0	1	1	1	0	0.442502992050175	3	NA	q21.1	142633228	145321921
R1d1xx1	1	145394877	152079988	118	6685111	0.01151	0.00249	0.46856	2	1.54721	0	1	1	1	0	-0.0936942953272944	0	NA	q21.1-q21.3	145394877	152079988
R1d1xx1	1	152080038	152464630	97	384592	0.01269	0.00014	0.60119	4	3.99873	0	1	1	1	0	0.265892917243837	2	NA	q21.3	152080038	152464630
R1d1xx1	1	152540134	161332285	319	8792151	0.007	0.00328	0.46843	1	1.47289	0	1	1	1	0	-0.0940946205314458	-1	NA	q21.3-q23.3	152540134	161332285
R1d1xx1	1	161407697	186645717	950	25238020	0.00406	0.0094	0.51452	2	2.00056	0	1	1	1	0	0.0412990625817704	0	NA	q23.3-q31.1	161407697	186645717
R1d1xx1	1	186645763	228404958	995	41759195	0.00396	0.01556	0.48498	2	1.99984	0	1	1	1	0	-0.0440028413932875	0	NA	q31.1-q42.13	186645763	228404958
R1d1xx1	1	228407055	228461217	66	54162	0.01539	2e-05	0.72136	6	6.00053	0	1	1	1	0	0.528791331840036	4	NA	q42.13	228407055	228461217
R1d1xx1	1	228461502	228470958	78	9456	0.01415	0	0.42417	1	0.99117	0	1	1	1	0	-0.237285506979147	-1	NA	q42.13	228461502	228470958
R1d1xx1	1	228471244	228493062	85	21818	0.01356	1e-05	0.58128	3	3.22083	0	1	1	1	0	0.217305175978673	1	NA	q42.13	228471244	228493062
R1d1xx1	1	228494098	228528395	124	34297	0.01123	1e-05	0.40324	0	0.02226	0	1	1	1	1	-0.310289338640469	-2	NA	q42.13	228494098	228528395
R1d1xx1	1	228528445	248832460	625	20304015	0.005	0.00756	0.48832	2	1.99997	0	1	1	1	0	-0.0341012276022813	0	NA	q42.13-q44	228528445	248832460
R1d1xx1	2	86985	92106651	1344	92019666	0.00341	0.03428	0.49782	2	2	0	1	1	1	0	-0.00630390289463921	0	NA	p25.3-p11.1	249337606	341357272
R1d1xx1	2	95400201	207459638	2068	112059437	0.00275	0.04174	0.50383	2	2	0	1	1	1	0	0.0110089334226757	0	NA	q11.1-q33.3	344650822	456710259
R1d1xx1	2	207460770	225285407	361	17824637	0.00658	0.00664	0.48013	2	1.99696	0	1	1	1	0	-0.0585030120484512	0	NA	q33.3-q36.2	456711391	474536028
R1d1xx1	2	225360006	229272167	167	3912161	0.00967	0.00146	0.43062	1	0.99973	0	1	1	1	0	-0.215512768343775	-1	NA	q36.2-q36.3	474610627	478522788
R1d1xx1	2	229347263	243025566	177	13678303	0.0094	0.0051	0.511	2	2.00028	0	1	1	1	0	0.0313951962755343	0	NA	q36.3-q37.3	478597884	492276187
R1d1xx1	3	135374	52437139	934	52301765	0.00409	0.01948	0.50719	2	2.00001	0	1	1	1	0	0.0205982060066924	0	NA	p26.3-p21.1	492585368	544887133
R1d1xx1	3	52437186	52610729	87	173543	0.0134	6e-05	0.41757	1	0.90752	0	1	1	1	0	-0.259910028587633	-1	NA	p21.1	544887180	545060723
R1d1xx1	3	52613048	90429560	581	37816512	0.00519	0.01409	0.49665	2	2	0	1	1	1	0	-0.00969858343129396	0	NA	p21.1-p11.1	545063042	582879554
R1d1xx1	3	93580592	136299643	751	42719051	0.00456	0.01591	0.51036	2	2.00006	0	1	1	1	0	0.0295871659101082	0	NA	q11.1-q22.3	586030586	628749637
R1d1xx1	3	136374568	197887091	1048	61512523	0.00386	0.02291	0.52232	2	2.03596	0	1	1	1	0	0.0630058516878139	0	NA	q22.3-q29	628824562	690337085
R1d1xx1	4	245857	49263653	640	49017796	0.00494	0.01826	0.48961	2	1.99998	0	1	1	1	0	-0.0302950703472453	0	NA	p16.3-p11	690718281	739736077
R1d1xx1	4	52735917	190376159	2574	137640242	0.00246	0.05127	0.43573	1	1	0	1	1	1	0	-0.198493648695907	-1	Loss_4q34.3	q12-q35.2	743208341	880848583
R1d1xx1	5	85674	46330831	933	46245157	0.00409	0.01723	0.55509	3	3	0	1	1	1	0	0.15079360815564	1	NA	p15.33-p11	881712374	927957531
R1d1xx1	5	49630948	68265671	456	18634723	0.00585	0.00694	0.53474	3	2.96148	0	1	1	1	0	0.0969095033813024	1	NA	q11.1-q13.1	931257648	949892371
R1d1xx1	5	68340766	110241601	554	41900835	0.00531	0.01561	0.59526	4	3.99807	0	1	1	1	0	0.251591857196615	2	NA	q13.1-q22.1	949967466	991868301
R1d1xx1	5	110316722	167402296	1239	57085574	0.00355	0.02126	0.53303	3	2.927	0	1	1	1	0	0.0922886381594475	1	NA	q22.1-q34	991943422	1049028996
R1d1xx1	5	167477223	175943952	105	8466729	0.0122	0.00315	0.61985	4	4.00023	0	1	1	1	0	0.309991039260069	2	NA	q34-q35.2	1049103923	1057570652
R1d1xx1	5	176018879	179967452	86	3948573	0.01348	0.00147	0.78747	7	7.00432	0	0.32	0.03499	0.87509	0	0.655296867754593	5	Gain_5q35.3	q35.2-q35.3	1057645579	1061594152
R1d1xx1	5	180030230	180732369	126	702139	0.01114	0.00026	0.57332	3	3.00996	0	1	1	1	0	0.19741251276862	1	NA	q35.3	1061656930	1062359069
R1d1xx1	6	135324	28418742	376	28283418	0.00645	0.01054	0.41417	1	0.64736	0	1	1	1	0	-0.271705037752626	-1	NA	p25.3-p22.1	1062677284	1090960702
R1d1xx1	6	28867684	32605378	44	3737694	0.01884	0.00139	0.30022	0	0	1	NA	0.01	1	1	-0.735908005538006	-2	NA	p22.1-p21.32	1091409644	1095147338
R1d1xx1	6	32609167	32632749	31	23582	0.02245	1e-05	0.42789	1	0.99145	0	1	1	1	0	-0.224688132025493	-1	NA	p21.32	1095151127	1095174709
R1d1xx1	6	32634335	33080338	50	446003	0.01768	0.00017	0.28004	0	0	1	NA	0.01	1	1	-0.836295183145541	-2	NA	p21.32	1095176295	1095622298
R1d1xx1	6	33472583	37373730	53	3901147	0.01717	0.00145	0.40436	0	0.12337	0	1	1	1	1	-0.30628780451048	-2	NA	p21.32-p21.2	1096014543	1099915690
R1d1xx1	6	37448751	40524655	42	3075904	0.01929	0.00115	0.52315	2	2.10241	0	1	1	1	0	0.065296567127781	0	NA	p21.2-p21.1	1099990711	1103066615
R1d1xx1	6	40599676	49977432	126	9377756	0.01114	0.00349	0.61647	4	4.00004	0	1	1	1	0	0.302102593894324	2	NA	p21.1-p12.3	1103141636	1112519392
R1d1xx1	6	50052453	58539101	227	8486648	0.0083	0.00316	0.49196	2	1.99999	0	1	1	1	0	-0.0233870763708315	0	NA	p12.3-p11.2	1112594413	1121081061
R1d1xx1	6	61942522	170982159	2595	109039637	0.00245	0.04062	0.49288	2	2	0	1	1	1	0	-0.0206916541221308	0	NA	q11.1-q27	1124484482	1233524119
R1d1xx1	7	121242	4839122	63	4717880	0.01575	0.00176	0.54639	3	2.99648	0	1	1	1	0	0.128002984856255	1	NA	p22.3-p22.1	1233778269	1238496149
R1d1xx1	7	4839270	4896738	59	57468	0.01627	2e-05	0.39838	0	0.01559	0	1	1	1	1	-0.327782873749156	-2	NA	p22.1	1238496297	1238553765
R1d1xx1	7	4917268	57978903	1076	53061635	0.00381	0.01977	0.57507	3	3.01172	0	1	1	1	0	0.201809482919608	1	NA	p22.1-p11.2	1238574295	1291635930
R1d1xx1	7	61118627	100674512	1370	39555885	0.00338	0.01473	0.55367	3	3	0	1	1	1	0	0.147098258254618	1	NA	q11.1-q22.1	1294775654	1334331539
R1d1xx1	7	100674920	100687060	243	12140	0.00802	0	0.71203	6	5.99998	0	1	1	1	0	0.510009932736104	4	NA	q22.1	1334331947	1334344087
R1d1xx1	7	100691270	107340651	159	6649381	0.00991	0.00248	0.55023	3	2.99993	0	1	1	1	0	0.13810670647398	1	Gain_7q22.3	q22.1-q22.3	1334348297	1340997678
R1d1xx1	7	107398624	107474642	22	76018	0.02665	3e-05	0.78333	7	7.01121	0	1	1	1	0	0.647692116928223	5	Gain_7q22.3	q22.3-q31.1	1341055651	1341131669
R1d1xx1	7	107549129	141739983	654	34190854	0.00489	0.01274	0.54348	3	2.99965	0	1	1	1	0	0.120298850334456	1	NA	q31.1-q34	1341206156	1375397010
R1d1xx1	7	141740523	147206358	238	5465835	0.0081	0.00204	0.62764	4	4.00322	0	1	1	1	0	0.328009204459302	2	NA	q34-q35	1375397550	1380863385
R1d1xx1	7	147281023	159053835	506	11772812	0.00556	0.00439	0.54235	3	2.99927	0	1	1	1	0	0.117296085657242	1	NA	q35-q36.3	1380938050	1392710862
R1d1xx1	8	83607	35951933	515	35868326	0.00551	0.01336	0.4335	1	0.99998	0	1	1	1	0	-0.205896101440252	-1	Loss_8p23.2	p23.3-p12	1392879297	1428747623
R1d1xx1	8	36027042	43613060	99	7586018	0.01256	0.00283	0.50383	2	2.00004	0	1	1	1	0	0.0110089334226757	0	NA	p12-p11.1	1428822732	1436408750
R1d1xx1	8	47064138	144998929	2328	97934791	0.00259	0.03648	0.49938	2	2	0	1	1	1	0	-0.00179005191239566	0	NA	q11.1-q24.3	1439859828	1537794619
R1d1xx1	8	144998978	146230986	197	1232008	0.00891	0.00046	0.44603	1	1.00003	0	1	1	1	0	-0.164787345738065	-1	NA	q24.3	1537794668	1539026676
R1d1xx1	9	86126	47238907	843	47152781	0.00431	0.01756	0.42361	1	0.99628	0	1	1	1	0	-0.239191448002529	-1	Loss_9p21.3	p24.3-p11.2	1539245838	1586398619
R1d1xx1	9	65543125	141078492	1462	75535367	0.00327	0.02814	0.48596	2	1.99991	0	1	1	1	0	-0.0410905262755912	0	NA	q12-q34.3	1604702837	1680238204
R1d1xx1	10	135526	37397220	752	37261694	0.00456	0.01388	0.42106	1	0.98537	0	1	1	1	0	-0.24790226650128	-1	NA	p15.3-p11.21	1680508669	1717770363
R1d1xx1	10	37472015	38940611	19	1468596	0.02868	0.00055	0.52932	2	2.31353	0	1	1	1	0	0.082212071376562	0	NA	p11.21-p11.1	1717845158	1719313754
R1d1xx1	10	42818106	135299720	1378	92481614	0.00337	0.03445	0.49931	2	2	0	1	1	1	0	-0.00199229415578977	0	NA	q11.21-q26.3	1723191249	1815672863
R1d1xx1	11	139197	1263713	149	1124516	0.01024	0.00042	0.49799	2	2	0	1	1	1	0	-0.00581132266480881	0	NA	p15.5	1816047087	1817171603
R1d1xx1	11	1263763	1273724	171	9961	0.00956	0	0.77857	7	7.00004	0	1	1	1	0	0.638898660682667	5	NA	p15.5	1817171653	1817181614
R1d1xx1	11	1274030	6592991	431	5318961	0.00602	0.00198	0.47447	2	1.95057	0	1	1	1	0	-0.075611224120405	0	NA	p15.5-p15.4	1817181920	1822500881
R1d1xx1	11	6593040	51342530	638	44749490	0.00495	0.01667	0.50268	2	2	0	1	1	1	0	0.00771219515086781	0	NA	p15.4-p11.12	1822500930	1867250420
R1d1xx1	11	54769677	92258001	733	37488324	0.00462	0.01396	0.4924	2	2	0	1	1	1	0	-0.022097333064992	0	NA	q11-q14.3	1870677567	1908165891
R1d1xx1	11	92258046	129509160	1150	37251114	0.00369	0.01388	0.48917	2	1.99998	0	1	1	1	0	-0.0315921664480064	0	NA	q14.3-q24.3	1908165936	1945417050
R1d1xx1	11	129584127	129758650	98	174523	0.01263	7e-05	0.40101	0	0.01327	0	1	1	1	1	-0.318289881223315	-2	NA	q24.3	1945492017	1945666540
R1d1xx1	11	129762599	134871978	74	5109379	0.01453	0.0019	0.48374	2	1.99719	0	1	1	1	0	-0.0476962570918683	0	NA	q24.3-q25	1945670489	1950779868
R1d1xx1	12	77870	34780948	606	34703078	0.00508	0.01293	0.47741	2	1.98949	0	1	1	1	0	-0.0666993089467013	0	NA	p13.33-p11.1	1950992276	1985695354
R1d1xx1	12	37933893	49422710	390	11488817	0.00633	0.00428	0.57288	3	3.00455	0	1	1	1	0	0.196304877366121	1	NA	q11-q13.12	1988848299	2000337116
R1d1xx1	12	49422761	49432232	105	9471	0.0122	0	0.49397	2	1.99997	0	1	1	1	0	-0.0175046687969959	0	NA	q13.12	2000337167	2000346638
R1d1xx1	12	49432280	49436660	68	4380	0.01516	0	0.40904	0	0.32273	0	1	1	1	1	-0.289686163749868	-2	NA	q13.12	2000346686	2000351066
R1d1xx1	12	49436853	49443873	61	7020	0.016	0	0.55241	3	2.99951	0	1	1	1	0	0.143811341326679	1	NA	q13.12	2000351259	2000358279
R1d1xx1	12	49443921	49446169	45	2248	0.01863	0	0.39153	0	0.0042	0	1	1	1	1	-0.352805240262384	-2	NA	q13.12	2000358327	2000360575
R1d1xx1	12	49446325	61595025	649	12148700	0.00491	0.00453	0.56951	3	3.00067	0	1	1	1	0	0.187793079484562	1	NA	q13.12-q14.1	2000360731	2012509431
R1d1xx1	12	61670272	133767545	1645	72097273	0.00308	0.02686	0.4991	2	2	0	1	1	1	0	-0.00259919104795724	0	NA	q14.1-q24.33	2012584678	2084681951
R1d1xx1	13	19095546	102258293	1104	83162747	0.00376	0.03098	0.50976	2	2.00004	0	1	1	1	0	0.027890077088498	0	NA	q11-q33.1	2103861847	2187024594
R1d1xx1	13	102333158	103402700	432	1069542	0.00601	4e-04	0.57347	3	3.00597	0	1	1	1	0	0.197789921461349	1	NA	q33.1	2187099459	2188169001
R1d1xx1	13	103410748	115017146	156	11606398	0.01001	0.00432	0.51228	2	2.00058	0	1	1	1	0	0.0350044735319829	0	NA	q33.1-q34	2188177049	2199783447
R1d1xx1	14	19075426	79348625	830	60273199	0.00434	0.02245	0.44754	1	1.00001	0	1	1	1	0	-0.159911462292212	-1	Loss_14q31.1	q11.1-q31.1	2219011605	2279284804
R1d1xx1	14	79423565	83187565	105	3764000	0.0122	0.0014	0.55528	3	2.99998	0	1	1	1	0	0.151287339183034	1	NA	q31.1	2279359744	2283123744
R1d1xx1	14	83262956	107214193	321	23951237	0.00698	0.00892	0.47857	2	1.99303	0	1	1	1	0	-0.0631981330459826	0	NA	q31.1-q32.33	2283199135	2307150372
R1d1xx1	15	20074969	62958055	558	42883086	0.00529	0.01597	0.49993	2	2	0	1	1	1	0	-0.000201991445455621	0	NA	q11.1-q22.2	2327360688	2370243774
R1d1xx1	15	62966007	65318268	205	2352261	0.00873	0.00088	0.43973	1	1	0	1	1	1	0	-0.185310133010435	-1	NA	q22.2-q22.31	2370251726	2372603987
R1d1xx1	15	65393609	90334346	381	24940737	0.0064	0.00929	0.49059	2	1.99999	0	1	1	1	0	-0.0274102680392273	0	NA	q22.31-q26.1	2372679328	2397620065
R1d1xx1	15	90335380	90725961	80	390581	0.01398	0.00015	0.42878	1	0.99845	0	1	1	1	0	-0.221690480541625	-1	NA	q26.1	2397621099	2398011680
R1d1xx1	15	90801088	102445766	156	11644678	0.01001	0.00434	0.49931	2	2	0	1	1	1	0	-0.00199229415578977	0	NA	q26.1-q26.3	2398086807	2409731485
R1d1xx1	16	133256	31855856	841	31722600	0.00431	0.01182	0.4793	2	1.99637	0	1	1	1	0	-0.0609991549304867	0	NA	p13.3-p11.2	2409950367	2441672967
R1d1xx1	16	31930573	35205897	36	3275324	0.02083	0.00122	0.72041	6	6.00227	0	1	1	1	0	0.526890112523232	4	NA	p11.2-p11.1	2441747684	2445023008
R1d1xx1	16	46611634	90219754	994	43608120	0.00396	0.01624	0.4818	2	1.99909	0	1	1	1	0	-0.0534937013109787	0	NA	q11.2-q24.3	2456428745	2500036865
R1d1xx1	17	74406	20889705	637	20815299	0.00495	0.00775	0.40661	0	0.03048	0	1	1	1	1	-0.298282398216763	-2	NA	p13.3-p11.2	2500246270	2521061569
R1d1xx1	17	20964860	22039232	13	1074372	0.03467	4e-04	0.48819	2	1.97711	0	1	1	1	0	-0.0344853513827311	0	NA	p11.2	2521136724	2522211096
R1d1xx1	17	25338203	71266275	773	45928072	0.0045	0.01711	0.53924	3	2.99694	0	1	1	1	0	0.108999422517506	1	NA	q11.1-q25.1	2525510067	2571438139
R1d1xx1	17	71334752	71640275	166	305523	0.0097	0.00011	0.4793	2	1.99299	0	1	1	1	0	-0.0609991549304867	0	NA	q25.1	2571506616	2571812139
R1d1xx1	17	71715490	81122952	449	9407462	0.0059	0.0035	0.52551	2	2.175	0	1	1	1	0	0.0717901227979827	0	NA	q25.1-q25.3	2571887354	2581294816
R1d1xx1	18	235617	15334305	410	15098688	0.00617	0.00562	0.4308	1	0.99989	0	1	1	1	0	-0.214909845005242	-1	NA	p11.32-p11.21	2581602691	2596701379
R1d1xx1	18	18740493	77941934	777	59201441	0.00448	0.02205	0.56731	3	3.00019	0	1	1	1	0	0.18220919979881	1	NA	q11.1-q23	2600107567	2659309008
R1d1xx1	19	132118	8971843	189	8839725	0.00909	0.00329	0.46477	1	1.15526	0	1	1	1	0	-0.105411146299921	-1	NA	p13.3-p13.2	2659576440	2668416165
R1d1xx1	19	8973532	8987340	31	13808	0.02245	1e-05	0.37888	0	0.00073	0	1	1	1	1	-0.400187108807862	-2	NA	p13.2	2668417854	2668431662
R1d1xx1	19	8992984	9007867	84	14883	0.01364	1e-05	0.53715	3	2.94801	0	1	1	1	0	0.103396924492231	1	NA	p13.2	2668437306	2668452189
R1d1xx1	19	9008164	9026313	96	18149	0.01276	1e-05	0.63086	4	4.02015	0	1	1	1	0	0.335391783988613	2	NA	p13.2	2668452486	2668470635
R1d1xx1	19	9027198	11138636	911	2111438	0.00414	0.00079	0.50181	2	2	0	1	1	1	0	0.00521312597263425	0	NA	p13.2	2668471520	2670582958
R1d1xx1	19	11141393	24105327	370	12963934	0.0065	0.00483	0.45458	1	1.00078	0	1	1	1	0	-0.13739388309312	-1	NA	p13.2-p12	2670585715	2683549649
R1d1xx1	19	27956429	59043445	512	31087016	0.00552	0.01158	0.479	2	1.99522	0	1	1	1	0	-0.0619024389259069	0	NA	q11-q13.43	2687400751	2718487767
R1d1xx1	20	135987	26244187	345	26108200	0.00673	0.00973	0.51001	2	2.00009	0	1	1	1	0	0.0285974400574964	0	NA	p13-p11.1	2718709292	2744817492
R1d1xx1	20	29478403	62935280	537	33456877	0.00539	0.01246	0.50842	2	2.00003	0	1	1	1	0	0.0240926886681164	0	NA	q11.21-q13.33	2748051708	2781508585
R1d1xx1	21	14413813	47895293	472	33481480	0.00575	0.01247	0.46568	1	1.16905	0	1	1	1	0	-0.102589172188896	-1	NA	q11.2-q22.3	2796012638	2829494118
R1d1xx1	22	16131356	51175001	511	35043645	0.00553	0.01305	0.48791	2	1.99995	0	1	1	1	0	-0.0353130424441569	0	NA	q11.1-q13.33	2845860076	2880903721
