sample	Chromosome	Start.bp	End.bp	n_probes	length	seg_sigma	W	copy_ratio	modal_cn	expected_cn	subclonal	cancer_cell_frac	ccf_ci95_low	ccf_ci95_high	hz	logR	norm_modal_cn	driverSCNA	arm	gps_start	gps_end
R13d1xx1	1	93709	103354247	2391	103260538	0.00256	0.03844	0.48741	2	2	0	1	1	1	0	-0.036792244313569	0	NA	p36.33-p21.1	93709	103354247
R13d1xx1	1	103354303	103484435	111	130132	0.01186	5e-05	0.38497	1	1	0	1	1	1	0	-0.377182071255359	-1	NA	p21.1	103354303	103484435
R13d1xx1	1	103487239	121286065	316	17798826	0.00703	0.00663	0.48687	2	2	0	1	1	1	0	-0.0383914876560477	0	NA	p21.1-p11.2	103487239	121286065
R13d1xx1	1	143205289	145321921	15	2116632	0.03227	0.00079	0.70618	4	4	0	1	1	1	0	0.498107867658175	2	NA	q21.1	143205289	145321921
R13d1xx1	1	145394877	161332164	526	15937287	0.00545	0.00593	0.47162	2	2	0	1	1	1	0	-0.0843031948712027	0	NA	q21.1-q23.3	145394877	161332164
R13d1xx1	1	161332224	228404958	1937	67072734	0.00284	0.02497	0.50579	2	2	0	1	1	1	0	0.0166104187981979	0	NA	q23.3-q42.13	161332224	228404958
R13d1xx1	1	228407162	228461217	54	54055	0.01701	2e-05	0.75403	5	4.92348	1	0.55	0.20444	0.88209	0	0.592693829124116	3	NA	q42.13	228407162	228461217
R13d1xx1	1	228461502	228475786	97	14284	0.01269	1e-05	0.49579	2	2	0	1	1	1	0	-0.0121989220829419	0	NA	q42.13	228461502	228475786
R13d1xx1	1	228475839	228493062	62	17223	0.01588	1e-05	0.63839	3	3.00113	1	0.43	0.10913	0.76273	0	0.35250995788937	1	NA	q42.13	228475839	228493062
R13d1xx1	1	228494098	228528395	123	34297	0.01127	1e-05	0.437	2	1.61316	1	0.52	0.22664	0.81067	0	-0.194294815161489	0	NA	q42.13	228494098	228528395
R13d1xx1	1	228528445	248832460	615	20304015	0.00504	0.00756	0.48579	2	2	0	1	1	1	0	-0.0415953025235009	0	NA	q42.13-q44	228528445	248832460
R13d1xx1	2	86985	92106651	1342	92019666	0.00341	0.03425	0.4924	2	2	0	1	1	1	0	-0.022097333064992	0	NA	p25.3-p11.1	249337606	341357272
R13d1xx1	2	95400201	243025566	2770	147625365	0.00238	0.05495	0.50372	2	2	0	1	1	1	0	0.0106939188722744	0	NA	q11.1-q37.3	344650822	492276187
R13d1xx1	3	135374	47164205	799	47028831	0.00442	0.01751	0.38308	1	1	0	1	1	1	0	-0.384282387982299	-1	Loss_3p25.3	p26.3-p21.31	492585368	539614199
R13d1xx1	3	47164254	55779140	337	8614886	0.00681	0.00321	0.34106	1	0.99972	1	0.46	0.20058	0.70138	0	-0.551902531333083	-1	NA	p21.31-p14.3	539614248	548229134
R13d1xx1	3	55853892	86540218	403	30686326	0.00623	0.01142	0.37725	1	1	0	1	1	1	0	-0.406407194135404	-1	NA	p14.3-p12.1	548303886	578990212
R13d1xx1	3	86615013	90429560	52	3814547	0.01733	0.00142	0.48475	2	2	0	1	1	1	0	-0.0446871965552946	0	NA	p12.1-p11.1	579065007	582879554
R13d1xx1	3	93580592	121112874	527	27532282	0.00545	0.01025	0.50456	2	2	0	1	1	1	0	0.013097743434331	0	NA	q11.1-q13.33	586030586	613562868
R13d1xx1	3	121186303	179626232	1028	58439929	0.0039	0.02175	0.49469	2	2	0	1	1	1	0	-0.0154033587145091	0	NA	q13.33-q26.33	613636297	672076226
R13d1xx1	3	179701071	197887091	241	18186020	0.00805	0.00677	0.49254	2	2	0	1	1	1	0	-0.021687201875103	0	NA	q26.33-q29	672151065	690337085
R13d1xx1	4	88952	49263653	642	49174701	0.00493	0.01831	0.50184	2	2	0	1	1	1	0	0.00529937287392359	0	NA	p16.3-p11	690561376	739736077
R13d1xx1	4	52735917	171378962	1961	118643045	0.00282	0.04416	0.48968	2	2	0	1	1	1	0	-0.0300888216302478	0	NA	q12-q33	743208341	861851386
R13d1xx1	4	171453969	190969597	621	19515628	0.00502	0.00726	0.53411	2	2.00001	1	0.42	0.18086	0.64755	0	0.0952088007925111	0	NA	q33-q35.2	861926393	881442021
R13d1xx1	5	85674	46330831	926	46245157	0.00411	0.01721	0.49775	2	2	0	1	1	1	0	-0.00650677894158435	0	NA	p15.33-p11	881712374	927957531
R13d1xx1	5	49630948	107837718	978	58206770	0.004	0.02167	0.48113	2	2	0	1	1	1	0	-0.0555013359954991	0	NA	q11.1-q21.3	931257648	989464418
R13d1xx1	5	107912839	180732369	1586	72819530	0.00314	0.02711	0.5068	2	2	0	1	1	1	0	0.0194884295913602	0	NA	q21.3-q35.3	989539539	1062359069
R13d1xx1	6	135324	28418742	376	28283418	0.00645	0.01053	0.50383	2	2	0	1	1	1	0	0.0110089334226757	0	NA	p25.3-p22.1	1062677284	1090960702
R13d1xx1	6	28493565	32411507	39	3917942	0.02002	0.00146	0.29654	0	0	0	0.89	0.48123	0.98961	1	-0.753701373221024	-2	NA	p22.1-p21.32	1091035525	1094953467
R13d1xx1	6	32411561	33096788	92	685227	0.01303	0.00026	0.37415	1	1	0	1	1	1	0	-0.418311319771355	-1	NA	p21.32	1094953521	1095638748
R13d1xx1	6	33472583	58539101	448	25066518	0.00591	0.00933	0.50537	2	2	0	1	1	1	0	0.0154119300288241	0	NA	p21.32-p11.2	1096014543	1121081061
R13d1xx1	6	61942522	170982159	2585	109039637	0.00246	0.04059	0.48771	2	2	0	1	1	1	0	-0.0359045412084703	0	NA	q11.1-q27	1124484482	1233524119
R13d1xx1	7	121242	4839811	65	4718569	0.0155	0.00176	0.52391	2	2	0	1	1	1	0	0.0673909044601763	0	NA	p22.3-p22.1	1233778269	1238496838
R13d1xx1	7	4839871	4917362	54	77491	0.01701	3e-05	0.33116	1	0.62114	1	0.55	0.20218	0.88008	0	-0.59439967110413	-1	NA	p22.1	1238496898	1238574389
R13d1xx1	7	4917408	57978903	1069	53061495	0.00382	0.01975	0.50362	2	2	0	1	1	1	0	0.010407482307534	0	NA	p22.1-p11.2	1238574435	1291635930
R13d1xx1	7	61118627	100480734	1351	39362107	0.0034	0.01465	0.4827	2	2	0	1	1	1	0	-0.0508012681048469	0	NA	q11.1-q22.1	1294775654	1334137761
R13d1xx1	7	100634701	100687060	251	52359	0.00789	2e-05	0.65112	4	3.9557	1	0.56	0.28906	0.81015	0	0.380995358566211	2	NA	q22.1	1334291728	1334344087
R13d1xx1	7	100691270	107225801	157	6534531	0.00998	0.00243	0.48582	2	2	0	1	1	1	0	-0.0415062115276479	0	NA	q22.1-q22.3	1334348297	1340882828
R13d1xx1	7	107283226	107399607	23	116381	0.02606	4e-05	0.71728	4	4	0	0.2	0.02502	0.64709	0	0.520608309613877	2	NA	q22.3	1340940253	1341056634
R13d1xx1	7	107474642	135415236	511	27940594	0.00553	0.0104	0.49934	2	2	0	1	1	1	0	-0.00190561543703999	0	NA	q31.1-q33	1341131669	1369072263
R13d1xx1	7	135490021	159053835	879	23563814	0.00422	0.00877	0.50236	2	2	0	1	1	1	0	0.00679350051446552	0	NA	q33-q36.3	1369147048	1392710862
R13d1xx1	8	83607	43613060	612	43529453	0.00505	0.0162	0.383	1	1	0	1	1	1	0	-0.38458370273713	-1	Loss_8p23.2	p23.3-p11.1	1392879297	1436408750
R13d1xx1	8	47064138	81430991	689	34366853	0.00476	0.01279	0.37478	1	1	0	1	1	1	0	-0.41588412873843	-1	NA	q11.1-q21.13	1439859828	1474226681
R13d1xx1	8	81505555	107151811	338	25646256	0.0068	0.00955	0.39327	1	1	0	1	1	1	0	-0.346407958192075	-1	NA	q21.13-q23.1	1474301245	1499947501
R13d1xx1	8	107226750	146230986	1501	39004236	0.00323	0.01452	0.48971	2	2	0	1	1	1	0	-0.030000438348327	0	NA	q23.1-q24.3	1500022440	1539026676
R13d1xx1	9	86126	47238907	840	47152781	0.00431	0.01755	0.60521	3	3	0	1	1	1	0	0.275507730788931	1	NA	p24.3-p11.2	1539245838	1586398619
R13d1xx1	9	65543125	84775931	357	19232806	0.00662	0.00716	0.58927	3	3	0	1	1	1	0	0.237000724920125	1	NA	q12-q21.32	1604702837	1623935643
R13d1xx1	9	84850851	141078492	1104	56227641	0.00376	0.02093	0.49696	2	2	0	1	1	1	0	-0.00879836004951051	0	NA	q21.32-q34.3	1624010563	1680238204
R13d1xx1	10	135526	38940611	769	38805085	0.00451	0.01445	0.4869	2	2	0	1	1	1	0	-0.0383025942803218	0	NA	p15.3-p11.1	1680508669	1719313754
R13d1xx1	10	42818106	135449405	1372	92631299	0.00337	0.03448	0.49792	2	2	0	1	1	1	0	-0.00601412945061988	0	NA	q11.21-q26.3	1723191249	1815822548
R13d1xx1	11	139197	1263613	144	1124416	0.01042	0.00042	0.51581	2	2	0	1	1	1	0	0.0449116480159579	0	NA	p15.5	1816047087	1817171503
R13d1xx1	11	1263662	1276077	157	12415	0.00998	0	0.78829	5	5	0	0.89	0.58719	1	0	0.656798378188053	3	NA	p15.5	1817171552	1817183967
R13d1xx1	11	1276289	51342530	1057	50066241	0.00384	0.01864	0.49172	2	2	0	1	1	1	0	-0.0240910590007187	0	NA	p15.5-p11.12	1817184179	1867250420
R13d1xx1	11	54769677	134871978	2039	80102301	0.00277	0.02982	0.50446	2	2	0	1	1	1	0	0.0128117837812791	0	NA	q11-q25	1870677567	1950779868
R13d1xx1	12	77870	34780948	604	34703078	0.00509	0.01292	0.48257	2	2	0	1	1	1	0	-0.0511898647802838	0	NA	p13.33-p11.1	1950992276	1985695354
R13d1xx1	12	37933893	49422607	385	11488714	0.00637	0.00428	0.48471	2	2	0	1	1	1	0	-0.0448062479894298	0	NA	q11-q13.12	1988848299	2000337013
R13d1xx1	12	49422658	57532242	492	8109584	0.00564	0.00302	0.43452	1	1.07796	1	0.55	0.30351	0.78259	0	-0.202505512239478	-1	NA	q13.12-q13.3	2000337064	2008446648
R13d1xx1	12	57532302	108697573	1198	51165271	0.00361	0.01905	0.49741	2	2	0	1	1	1	0	-0.00749258289871243	0	NA	q13.3-q23.3	2008446708	2059611979
R13d1xx1	12	108772616	133767545	845	24994929	0.0043	0.0093	0.47165	2	2	0	1	1	1	0	-0.0842114271880551	0	NA	q23.3-q24.33	2059687022	2084681951
R13d1xx1	13	19095546	103382029	1123	84286483	0.00373	0.03138	0.49772	2	2	0	1	1	1	0	-0.00659373455298362	0	NA	q11-q33.1	2103861847	2188148330
R13d1xx1	13	103382078	115017146	567	11635068	0.00525	0.00433	0.53337	2	2	1	0.41	0.17168	0.64259	0	0.0932085862662047	0	NA	q33.1-q34	2188148379	2199783447
R13d1xx1	14	19075426	79348625	833	60273199	0.00433	0.02244	0.48508	2	2	0	1	1	1	0	-0.0437053968958339	0	NA	q11.1-q31.1	2219011605	2279284804
R13d1xx1	14	79423565	107214193	428	27790628	0.00604	0.01035	0.52105	2	2	0	1	1	1	0	0.0594937253916716	0	NA	q31.1-q32.33	2279359744	2307150372
R13d1xx1	15	20074969	102445766	1377	82370797	0.00337	0.03066	0.48846	2	2	0	1	1	1	0	-0.0336876701848331	0	NA	q11.1-q26.3	2327360688	2409731485
R13d1xx1	16	133256	32005290	841	31872034	0.00431	0.01186	0.48475	2	2	0	1	1	1	0	-0.0446871965552946	0	NA	p13.3-p11.2	2409950367	2441822401
R13d1xx1	16	32080007	35205897	34	3125890	0.02144	0.00116	0.62538	3	3.00001	0	1	1	1	0	0.322804986924049	1	NA	p11.2-p11.1	2441897118	2445023008
R13d1xx1	16	46611634	88500082	841	41888448	0.00431	0.01559	0.48835	2	2	0	1	1	1	0	-0.0340125981752685	0	NA	q11.2-q24.2	2456428745	2498317193
R13d1xx1	16	88500131	90219754	135	1719623	0.01076	0.00064	0.40023	1	1	0	1	1	1	0	-0.321098783642991	-1	NA	q24.2-q24.3	2498317242	2500036865
R13d1xx1	17	74406	22039232	648	21964826	0.00491	0.00818	0.47672	2	2	0	1	1	1	0	-0.0687859423231758	0	NA	p13.3-p11.2	2500246270	2522211096
R13d1xx1	17	25487597	81122952	1373	55635355	0.00337	0.02071	0.46352	2	2	0	1	1	1	0	-0.109296505166408	0	NA	q11.1-q25.3	2525659461	2581294816
R13d1xx1	18	235617	15334305	411	15098688	0.00617	0.00562	0.49213	2	2	0	1	1	1	0	-0.0228886297665762	0	NA	p11.32-p11.21	2581602691	2596701379
R13d1xx1	18	18740493	77941934	774	59201441	0.00449	0.02204	0.50656	2	2	0	1	1	1	0	0.0188050657003694	0	NA	q11.1-q23	2600107567	2659309008
R13d1xx1	19	132118	8987340	221	8855222	0.00841	0.0033	0.4459	2	1.99976	1	0.44	0.16876	0.69862	0	-0.165207895235545	0	NA	p13.3-p13.2	2659576440	2668431662
R13d1xx1	19	8992984	9028403	187	35419	0.00914	1e-05	0.59091	3	3	0	1	1	1	0	0.24101031903292	1	NA	p13.2	2668437306	2668472725
R13d1xx1	19	9033214	11144888	911	2111674	0.00414	0.00079	0.51477	2	2	0	1	1	1	0	0.0419998830838926	0	NA	p13.2	2668477536	2670589210
R13d1xx1	19	11145638	24556146	354	13410508	0.00664	0.00499	0.43785	2	1.70899	1	0.52	0.26177	0.75982	0	-0.191491383326025	0	NA	p13.2-p11	2670589960	2684000468
R13d1xx1	19	27956429	58893367	512	30936938	0.00552	0.01152	0.46944	2	2	0	1	1	1	0	-0.0909873187634218	0	NA	q11-q13.43	2687400751	2718337689
R13d1xx1	20	135987	26244187	345	26108200	0.00673	0.00972	0.50916	2	2	0	1	1	1	0	0.0261909895750805	0	NA	p13-p11.1	2718709292	2744817492
R13d1xx1	20	29478403	62935280	532	33456877	0.00542	0.01245	0.50024	2	2	0	1	1	1	0	0.000692327474322415	0	NA	q11.21-q13.33	2748051708	2781508585
R13d1xx1	21	14413813	47895293	475	33481480	0.00574	0.01246	0.49404	2	2	0	1	1	1	0	-0.0173002403943863	0	NA	q11.2-q22.3	2796012638	2829494118
R13d1xx1	22	16131356	51175001	505	35043645	0.00556	0.01304	0.48545	2	2	0	1	1	1	0	-0.0426053851682426	0	NA	q11.1-q13.33	2845860076	2880903721
R7d1xx1	1	93709	103354247	2391	103260538	0.00256	0.03844	0.48829	2	2	0	1	1	1	0	-0.0341898624744212	0	NA	p36.33-p21.1	93709	103354247
R7d1xx1	1	103354303	103484435	111	130132	0.01186	5e-05	0.39256	1	1	1	0.59	0.39474	0.77735	0	-0.349014918368584	-1	NA	p21.1	103354303	103484435
R7d1xx1	1	103487239	121286065	316	17798826	0.00703	0.00663	0.48438	2	2	0	1	1	1	0	-0.045788797354082	0	NA	p21.1-p11.2	103487239	121286065
R7d1xx1	1	143205289	145321921	15	2116632	0.03227	0.00079	0.72487	3	3.00497	1	0.47	0.15265	0.77556	0	0.535794186899265	1	NA	q21.1	143205289	145321921
R7d1xx1	1	145394877	161332164	526	15937287	0.00545	0.00593	0.46048	2	2	0	1	1	1	0	-0.118789597696514	0	NA	q21.1-q23.3	145394877	161332164
R7d1xx1	1	161332224	228404958	1937	67072734	0.00284	0.02497	0.50867	2	2	0	1	1	1	0	0.0248019155162534	0	NA	q23.3-q42.13	161332224	228404958
R7d1xx1	1	228407162	228461217	54	54055	0.01701	2e-05	0.74722	4	4	1	0.6	0.37718	0.82174	0	0.579604975677697	2	NA	q42.13	228407162	228461217
R7d1xx1	1	228461502	228475786	97	14284	0.01269	1e-05	0.47244	2	2	0	1	1	1	0	-0.0817969765566144	0	NA	q42.13	228461502	228475786
R7d1xx1	1	228475839	228493062	62	17223	0.01588	1e-05	0.65036	3	3	0	1	1	1	0	0.379310433164814	1	NA	q42.13	228475839	228493062
R7d1xx1	1	228494098	228528395	123	34297	0.01127	1e-05	0.42255	2	2	1	0.41	0.21275	0.58807	0	-0.242806030453363	0	NA	q42.13	228494098	228528395
R7d1xx1	1	228528445	248832460	615	20304015	0.00504	0.00756	0.48458	2	2	0	1	1	1	0	-0.0451932330123642	0	NA	q42.13-q44	228528445	248832460
R7d1xx1	2	86985	92106651	1342	92019666	0.00341	0.03425	0.49976	2	2	0	1	1	1	0	-0.000692659871298128	0	NA	p25.3-p11.1	249337606	341357272
R7d1xx1	2	95400201	243025566	2770	147625365	0.00238	0.05495	0.50663	2	2	0	1	1	1	0	0.01900441360752	0	NA	q11.1-q37.3	344650822	492276187
R7d1xx1	3	135374	47164205	799	47028831	0.00442	0.01751	0.33541	1	1	0	1	1	1	0	-0.576002392462914	-1	Loss_3p25.3	p26.3-p21.31	492585368	539614199
R7d1xx1	3	47164254	55779140	337	8614886	0.00681	0.00321	0.28713	1	1	1	0.24	0.08165	0.39939	0	-0.800224020385087	-1	NA	p21.31-p14.3	539614248	548229134
R7d1xx1	3	55853892	86540218	403	30686326	0.00623	0.01142	0.48991	2	2	0	1	1	1	0	-0.0294113548012644	0	NA	p14.3-p12.1	548303886	578990212
R7d1xx1	3	86615013	90429560	52	3814547	0.01733	0.00142	0.52752	2	2	0	1	1	1	0	0.0772976972335755	0	NA	p12.1-p11.1	579065007	582879554
R7d1xx1	3	93580592	121112874	527	27532282	0.00545	0.01025	0.50215	2	2	0	1	1	1	0	0.00619028907206983	0	NA	q11.1-q13.33	586030586	613562868
R7d1xx1	3	121186303	179626232	1028	58439929	0.0039	0.02175	0.66035	3	3	0	1	1	1	0	0.401302792349114	1	NA	q13.33-q26.33	613636297	672076226
R7d1xx1	3	179701071	197887091	241	18186020	0.00805	0.00677	0.48116	2	2	0	1	1	1	0	-0.0554113821328576	0	NA	q26.33-q29	672151065	690337085
R7d1xx1	4	88952	49263653	642	49174701	0.00493	0.01831	0.49907	2	2	0	1	1	1	0	-0.00268591144877005	0	NA	p16.3-p11	690561376	739736077
R7d1xx1	4	52735917	171378962	1961	118643045	0.00282	0.04416	0.50254	2	2	0	1	1	1	0	0.00731033822993426	0	NA	q12-q33	743208341	861851386
R7d1xx1	4	171453969	190969597	621	19515628	0.00502	0.00726	0.54205	2	2	1	0.33	0.17993	0.47907	0	0.116497840501748	0	NA	q33-q35.2	861926393	881442021
R7d1xx1	5	85674	46330831	926	46245157	0.00411	0.01721	0.66757	3	3	0	1	1	1	0	0.416991027842338	1	NA	p15.33-p11	881712374	927957531
R7d1xx1	5	49630948	107837718	978	58206770	0.004	0.02167	0.47467	2	2	0	1	1	1	0	-0.0750032231670192	0	NA	q11.1-q21.3	931257648	989464418
R7d1xx1	5	107912839	180732369	1586	72819530	0.00314	0.02711	0.50916	2	2	0	1	1	1	0	0.0261909895750805	0	NA	q21.3-q35.3	989539539	1062359069
R7d1xx1	6	135324	28418742	376	28283418	0.00645	0.01053	0.48501	2	2	0	1	1	1	0	-0.0439136016047527	0	NA	p25.3-p22.1	1062677284	1090960702
R7d1xx1	6	28493565	32411507	39	3917942	0.02002	0.00146	0.28191	1	1	1	0.28	0.05795	0.51279	0	-0.826693440340052	-1	NA	p22.1-p21.32	1091035525	1094953467
R7d1xx1	6	32411561	33096788	92	685227	0.01303	0.00026	0.36574	1	1	1	0.76	0.55343	0.93955	0	-0.451109675903331	-1	NA	p21.32	1094953521	1095638748
R7d1xx1	6	33472583	58539101	448	25066518	0.00591	0.00933	0.50439	2	2	0	1	1	1	0	0.0126115782937947	0	NA	p21.32-p11.2	1096014543	1121081061
R7d1xx1	6	61942522	170982159	2585	109039637	0.00246	0.04059	0.32423	1	1	0	1	1	1	0	-0.62491050974183	-1	Loss_6q22.33	q11.1-q27	1124484482	1233524119
R7d1xx1	7	121242	4839811	65	4718569	0.0155	0.00176	0.47678	2	2	0	1	1	1	0	-0.0686043760881101	0	NA	p22.3-p22.1	1233778269	1238496838
R7d1xx1	7	4839871	4917362	54	77491	0.01701	3e-05	0.33095	1	1	0	1	1	1	0	-0.595314824080964	-1	NA	p22.1	1238496898	1238574389
R7d1xx1	7	4917408	57978903	1069	53061495	0.00382	0.01975	0.5047	2	2	0	1	1	1	0	0.0134979917489773	0	NA	p22.1-p11.2	1238574435	1291635930
R7d1xx1	7	61118627	100480734	1351	39362107	0.0034	0.01465	0.48737	2	2	0	1	1	1	0	-0.0369106460076291	0	NA	q11.1-q22.1	1294775654	1334137761
R7d1xx1	7	100634701	100687060	251	52359	0.00789	2e-05	0.67863	3	3	0	0.18	0.03525	0.34324	0	0.440697113373376	1	NA	q22.1	1334291728	1334344087
R7d1xx1	7	100691270	107225801	157	6534531	0.00998	0.00243	0.50021	2	2	0	1	1	1	0	0.000605804707088461	0	NA	q22.1-q22.3	1334348297	1340882828
R7d1xx1	7	107283226	107399607	23	116381	0.02606	4e-05	0.73007	3	3.04809	1	0.5	0.21681	0.77042	0	0.546106703093306	1	NA	q22.3	1340940253	1341056634
R7d1xx1	7	107474642	135415236	511	27940594	0.00553	0.0104	0.51207	2	2	0	1	1	1	0	0.0344129453183236	0	NA	q31.1-q33	1341131669	1369072263
R7d1xx1	7	135490021	159053835	879	23563814	0.00422	0.00877	0.68269	3	3	1	0.21	0.06108	0.34532	0	0.449302524639716	1	NA	q33-q36.3	1369147048	1392710862
R7d1xx1	8	83607	43613060	612	43529453	0.00505	0.0162	0.3236	1	1	0	1	1	1	0	-0.627716487119472	-1	Loss_8p23.2	p23.3-p11.1	1392879297	1436408750
R7d1xx1	8	47064138	81430991	689	34366853	0.00476	0.01279	0.33423	1	1	0	1	1	1	0	-0.581086861462063	-1	NA	q11.1-q21.13	1439859828	1474226681
R7d1xx1	8	81505555	107151811	338	25646256	0.0068	0.00955	0.51556	2	2	0	1	1	1	0	0.0442122408831421	0	NA	q21.13-q23.1	1474301245	1499947501
R7d1xx1	8	107226750	146230986	1501	39004236	0.00323	0.01452	0.50341	2	2	0	1	1	1	0	0.00980578034636461	0	NA	q23.1-q24.3	1500022440	1539026676
R7d1xx1	9	86126	47238907	840	47152781	0.00431	0.01755	0.48	2	2	0	1	1	1	0	-0.0588936890535686	0	NA	p24.3-p11.2	1539245838	1586398619
R7d1xx1	9	65543125	84775931	357	19232806	0.00662	0.00716	0.47169	2	2	0	1	1	1	0	-0.0840890793565837	0	NA	q12-q21.32	1604702837	1623935643
R7d1xx1	9	84850851	141078492	1104	56227641	0.00376	0.02093	0.49631	2	2	0	1	1	1	0	-0.0106865715336797	0	NA	q21.32-q34.3	1624010563	1680238204
R7d1xx1	10	135526	38940611	769	38805085	0.00451	0.01445	0.47874	2	2	0	1	1	1	0	-0.0626857427867579	0	NA	p15.3-p11.1	1680508669	1719313754
R7d1xx1	10	42818106	135449405	1372	92631299	0.00337	0.03448	0.48947	2	2	0	1	1	1	0	-0.0307076562587152	0	NA	q11.21-q26.3	1723191249	1815822548
R7d1xx1	11	139197	1263613	144	1124416	0.01042	0.00042	0.52246	2	2	0	1	1	1	0	0.0633924925249919	0	NA	p15.5	1816047087	1817171503
R7d1xx1	11	1263662	1276077	157	12415	0.00998	0	0.80631	4	4	0	1	1	1	0	0.689406519893055	2	NA	p15.5	1817171552	1817183967
R7d1xx1	11	1276289	51342530	1057	50066241	0.00384	0.01864	0.49271	2	2	0	1	1	1	0	-0.0211893421250191	0	NA	p15.5-p11.12	1817184179	1867250420
R7d1xx1	11	54769677	134871978	2039	80102301	0.00277	0.02982	0.50512	2	2	0	1	1	1	0	0.0146980708761734	0	NA	q11-q25	1870677567	1950779868
R7d1xx1	12	77870	34780948	604	34703078	0.00509	0.01292	0.47032	2	2	0	1	1	1	0	-0.0882854118785526	0	NA	p13.33-p11.1	1950992276	1985695354
R7d1xx1	12	37933893	49422607	385	11488714	0.00637	0.00428	0.48394	2	2	0	1	1	1	0	-0.0470999049666074	0	NA	q11-q13.12	1988848299	2000337013
R7d1xx1	12	49422658	57532242	492	8109584	0.00564	0.00302	0.43515	2	2	1	0.33	0.16905	0.47597	0	-0.200415298630296	0	NA	q13.12-q13.3	2000337064	2008446648
R7d1xx1	12	57532302	108697573	1198	51165271	0.00361	0.01905	0.50348	2	2	0	1	1	1	0	0.0100063755514515	0	NA	q13.3-q23.3	2008446708	2059611979
R7d1xx1	12	108772616	133767545	845	24994929	0.0043	0.0093	0.47652	2	2	0	1	1	1	0	-0.0693913281911873	0	NA	q23.3-q24.33	2059687022	2084681951
R7d1xx1	13	19095546	103382029	1123	84286483	0.00373	0.03138	0.49862	2	2	0	1	1	1	0	-0.00398734338138453	0	NA	q11-q33.1	2103861847	2188148330
R7d1xx1	13	103382078	115017146	567	11635068	0.00525	0.00433	0.55375	2	2	1	0.41	0.25082	0.55306	0	0.147306698780294	0	NA	q33.1-q34	2188148379	2199783447
R7d1xx1	14	19075426	79348625	833	60273199	0.00433	0.02244	0.4748	2	2	0	1	1	1	0	-0.0746081599075427	0	NA	q11.1-q31.1	2219011605	2279284804
R7d1xx1	14	79423565	107214193	428	27790628	0.00604	0.01035	0.51217	2	2	0	1	1	1	0	0.0346946556685292	0	NA	q31.1-q32.33	2279359744	2307150372
R7d1xx1	15	20074969	102445766	1377	82370797	0.00337	0.03066	0.48924	2	2	0	1	1	1	0	-0.0313857322271081	0	NA	q11.1-q26.3	2327360688	2409731485
R7d1xx1	16	133256	32005290	841	31872034	0.00431	0.01186	0.47744	2	2	0	1	1	1	0	-0.066608654181574	0	NA	p13.3-p11.2	2409950367	2441822401
R7d1xx1	16	32080007	35205897	34	3125890	0.02144	0.00116	0.59866	3	3	1	0.68	0.43036	0.91776	0	0.259808783622116	1	NA	p11.2-p11.1	2441897118	2445023008
R7d1xx1	16	46611634	88500082	841	41888448	0.00431	0.01559	0.49254	2	2	0	1	1	1	0	-0.021687201875103	0	NA	q11.2-q24.2	2456428745	2498317193
R7d1xx1	16	88500131	90219754	135	1719623	0.01076	0.00064	0.3817	1	1	1	0.66	0.46888	0.83775	0	-0.389488908333891	-1	NA	q24.2-q24.3	2498317242	2500036865
R7d1xx1	17	74406	22039232	648	21964826	0.00491	0.00818	0.47602	2	2	0	1	1	1	0	-0.0709059051888906	0	NA	p13.3-p11.2	2500246270	2522211096
R7d1xx1	17	25487597	81122952	1373	55635355	0.00337	0.02071	0.46156	2	2	0	1	1	1	0	-0.115409893222247	0	NA	q11.1-q25.3	2525659461	2581294816
R7d1xx1	18	235617	15334305	411	15098688	0.00617	0.00562	0.49097	2	2	0	1	1	1	0	-0.0262932214135979	0	NA	p11.32-p11.21	2581602691	2596701379
R7d1xx1	18	18740493	77941934	774	59201441	0.00449	0.02204	0.50309	2	2	0	1	1	1	0	0.00888841834211294	0	NA	q11.1-q23	2600107567	2659309008
R7d1xx1	19	132118	8987340	221	8855222	0.00841	0.0033	0.4344	2	2	1	0.33	0.15689	0.49739	0	-0.202903991745088	0	NA	p13.3-p13.2	2659576440	2668431662
R7d1xx1	19	8992984	9028403	187	35419	0.00914	1e-05	0.58524	3	3	1	0.6	0.42209	0.77153	0	0.227100283320212	1	NA	p13.2	2668437306	2668472725
R7d1xx1	19	9033214	11144888	911	2111674	0.00414	0.00079	0.50264	2	2	0	1	1	1	0	0.00759739030929285	0	NA	p13.2	2668477536	2670589210
R7d1xx1	19	11145638	24556146	354	13410508	0.00664	0.00499	0.43167	2	2	1	0.35	0.18429	0.50364	0	-0.211999262350094	0	NA	p13.2-p11	2670589960	2684000468
R7d1xx1	19	27956429	58893367	512	30936938	0.00552	0.01152	0.46836	2	2	0	1	1	1	0	-0.094310226276704	0	NA	q11-q13.43	2687400751	2718337689
R7d1xx1	20	135987	26244187	345	26108200	0.00673	0.00972	0.51302	2	2	0	1	1	1	0	0.037086975269291	0	NA	p13-p11.1	2718709292	2744817492
R7d1xx1	20	29478403	62935280	532	33456877	0.00542	0.01245	0.49648	2	2	0	1	1	1	0	-0.0101924929080927	0	NA	q11.21-q13.33	2748051708	2781508585
R7d1xx1	21	14413813	47895293	475	33481480	0.00574	0.01246	0.48572	2	2	0	1	1	1	0	-0.0418032029116328	0	NA	q11.2-q22.3	2796012638	2829494118
R7d1xx1	22	16131356	51175001	505	35043645	0.00556	0.01304	0.48538	2	2	0	1	1	1	0	-0.0428134311763743	0	NA	q11.1-q13.33	2845860076	2880903721
R6d1xx1	1	93709	103354247	2391	103260538	0.00256	0.03844	0.48454	2	2	0	1	1	1	0	-0.0453123262137599	0	NA	p36.33-p21.1	93709	103354247
R6d1xx1	1	103354303	103484435	111	130132	0.01186	5e-05	0.41824	2	2	1	0.45	0.26821	0.62496	0	-0.257597048641379	0	NA	p21.1	103354303	103484435
R6d1xx1	1	103487239	121286065	316	17798826	0.00703	0.00663	0.48227	2	2	0	1	1	1	0	-0.0520870260219706	0	NA	p21.1-p11.2	103487239	121286065
R6d1xx1	1	143205289	145321921	15	2116632	0.03227	0.00079	0.73964	3	3.00002	1	0.4	0.11603	0.69288	0	0.564895153436653	1	NA	q21.1	143205289	145321921
R6d1xx1	1	145394877	161332164	526	15937287	0.00545	0.00593	0.4811	2	2	0	1	1	1	0	-0.0555912954672276	0	NA	q21.1-q23.3	145394877	161332164
R6d1xx1	1	161332224	228404958	1937	67072734	0.00284	0.02497	0.51189	2	2	0	1	1	1	0	0.0339057280246109	0	NA	q23.3-q42.13	161332224	228404958
R6d1xx1	1	228407162	228461217	54	54055	0.01701	2e-05	0.73159	3	3	1	0.36	0.1459	0.55969	0	0.549107260340043	1	NA	q42.13	228407162	228461217
R6d1xx1	1	228461502	228475786	97	14284	0.01269	1e-05	0.47923	2	2	0	1	1	1	0	-0.0612098706160506	0	NA	q42.13	228461502	228475786
R6d1xx1	1	228475839	228493062	62	17223	0.01588	1e-05	0.641	3	3	0	1	1	1	0	0.358396261956654	1	NA	q42.13	228475839	228493062
R6d1xx1	1	228494098	228528395	123	34297	0.01127	1e-05	0.42103	2	2	1	0.44	0.25533	0.60548	0	-0.248005060386126	0	NA	q42.13	228494098	228528395
R6d1xx1	1	228528445	248832460	615	20304015	0.00504	0.00756	0.49531	2	2	0	1	1	1	0	-0.0135963465078632	0	NA	q42.13-q44	228528445	248832460
R6d1xx1	2	86985	92106651	1342	92019666	0.00341	0.03425	0.50435	2	2	0	1	1	1	0	0.0124971626829022	0	NA	p25.3-p11.1	249337606	341357272
R6d1xx1	2	95400201	243025566	2770	147625365	0.00238	0.05495	0.50533	2	2	0	1	1	1	0	0.0152977362984081	0	NA	q11.1-q37.3	344650822	492276187
R6d1xx1	3	135374	47164205	799	47028831	0.00442	0.01751	0.32273	1	1	0	1	1	1	0	-0.631600402282414	-1	Loss_3p25.3	p26.3-p21.31	492585368	539614199
R6d1xx1	3	47164254	55779140	337	8614886	0.00681	0.00321	0.28729	1	1	1	0.21	0.05966	0.3524	0	-0.799420318520556	-1	NA	p21.31-p14.3	539614248	548229134
R6d1xx1	3	55853892	86540218	403	30686326	0.00623	0.01142	0.48812	2	2	0	1	1	1	0	-0.0346922296345882	0	NA	p14.3-p12.1	548303886	578990212
R6d1xx1	3	86615013	90429560	52	3814547	0.01733	0.00142	0.53167	2	2	0	1	1	1	0	0.0886029683506082	0	NA	p12.1-p11.1	579065007	582879554
R6d1xx1	3	93580592	121112874	527	27532282	0.00545	0.01025	0.50635	2	2	0	1	1	1	0	0.0182068566533119	0	NA	q11.1-q13.33	586030586	613562868
R6d1xx1	3	121186303	179626232	1028	58439929	0.0039	0.02175	0.67115	3	3	0	1	1	1	0	0.424707145564151	1	NA	q13.33-q26.33	613636297	672076226
R6d1xx1	3	179701071	197887091	241	18186020	0.00805	0.00677	0.48886	2	2	0	1	1	1	0	-0.0325067303727385	0	NA	q26.33-q29	672151065	690337085
R6d1xx1	4	88952	49263653	642	49174701	0.00493	0.01831	0.51466	2	2	0	1	1	1	0	0.0416915640042044	0	NA	p16.3-p11	690561376	739736077
R6d1xx1	4	52735917	171378962	1961	118643045	0.00282	0.04416	0.50885	2	2	0	1	1	1	0	0.025312343046069	0	NA	q12-q33	743208341	861851386
R6d1xx1	4	171453969	190969597	621	19515628	0.00502	0.00726	0.54798	2	2	1	0.3	0.15281	0.43206	0	0.132195144233911	0	NA	q33-q35.2	861926393	881442021
R6d1xx1	5	85674	46330831	926	46245157	0.00411	0.01721	0.66845	3	3	0	1	1	1	0	0.418891556007461	1	NA	p15.33-p11	881712374	927957531
R6d1xx1	5	49630948	107837718	978	58206770	0.004	0.02167	0.49165	2	2	0	1	1	1	0	-0.0242964519922333	0	NA	q11.1-q21.3	931257648	989464418
R6d1xx1	5	107912839	180732369	1586	72819530	0.00314	0.02711	0.51306	2	2	0	1	1	1	0	0.0371994573402108	0	NA	q21.3-q35.3	989539539	1062359069
R6d1xx1	6	135324	28418742	376	28283418	0.00645	0.01053	0.49121	2	2	0	1	1	1	0	-0.0255881636508565	0	NA	p25.3-p22.1	1062677284	1090960702
R6d1xx1	6	28493565	32411507	39	3917942	0.02002	0.00146	0.27843	1	1	1	0.26	0.05467	0.4788	0	-0.844613429248667	-1	NA	p22.1-p21.32	1091035525	1094953467
R6d1xx1	6	32411561	33096788	92	685227	0.01303	0.00026	0.3718	1	1	1	0.72	0.52976	0.89766	0	-0.427401324629968	-1	NA	p21.32	1094953521	1095638748
R6d1xx1	6	33472583	58539101	448	25066518	0.00591	0.00933	0.49855	2	2	0	1	1	1	0	-0.00418989390542383	0	NA	p21.32-p11.2	1096014543	1121081061
R6d1xx1	6	61942522	170982159	2585	109039637	0.00246	0.04059	0.32039	1	1	0	1	1	1	0	-0.642098975778546	-1	Loss_6q22.33	q11.1-q27	1124484482	1233524119
R6d1xx1	7	121242	4839811	65	4718569	0.0155	0.00176	0.4962	2	2	0	1	1	1	0	-0.0110063596570186	0	NA	p22.3-p22.1	1233778269	1238496838
R6d1xx1	7	4839871	4917362	54	77491	0.01701	3e-05	0.34009	1	1	0	1	1	1	0	-0.556011509195949	-1	NA	p22.1	1238496898	1238574389
R6d1xx1	7	4917408	57978903	1069	53061495	0.00382	0.01975	0.50751	2	2	0	1	1	1	0	0.0215081546188719	0	NA	p22.1-p11.2	1238574435	1291635930
R6d1xx1	7	61118627	100480734	1351	39362107	0.0034	0.01465	0.48401	2	2	0	1	1	1	0	-0.0468912399466409	0	NA	q11.1-q22.1	1294775654	1334137761
R6d1xx1	7	100634701	100687060	251	52359	0.00789	2e-05	0.65556	3	3	0	1	1	1	0	0.390799733982339	1	NA	q22.1	1334291728	1334344087
R6d1xx1	7	100691270	107225801	157	6534531	0.00998	0.00243	0.49131	2	2	0	1	1	1	0	-0.0252944912480817	0	NA	q22.1-q22.3	1334348297	1340882828
R6d1xx1	7	107283226	107399607	23	116381	0.02606	4e-05	0.73341	3	3	1	0.37	0.11201	0.62173	0	0.552691842353999	1	NA	q22.3	1340940253	1341056634
R6d1xx1	7	107474642	135415236	511	27940594	0.00553	0.0104	0.50818	2	2	0	1	1	1	0	0.0234115027223246	0	NA	q31.1-q33	1341131669	1369072263
R6d1xx1	7	135490021	159053835	879	23563814	0.00422	0.00877	0.68	3	3	0	1	1	1	0	0.443606651475615	1	NA	q33-q36.3	1369147048	1392710862
R6d1xx1	8	83607	43613060	612	43529453	0.00505	0.0162	0.32646	1	1	0	1	1	1	0	-0.615021860655805	-1	Loss_8p23.2	p23.3-p11.1	1392879297	1436408750
R6d1xx1	8	47064138	81430991	689	34366853	0.00476	0.01279	0.33509	1	1	0	1	1	1	0	-0.577379461659441	-1	NA	q11.1-q21.13	1439859828	1474226681
R6d1xx1	8	81505555	107151811	338	25646256	0.0068	0.00955	0.53578	2	2	0	0.23	0.0755	0.37174	0	0.0997126332892881	0	NA	q21.13-q23.1	1474301245	1499947501
R6d1xx1	8	107226750	146230986	1501	39004236	0.00323	0.01452	0.50323	2	2	0	1	1	1	0	0.00928983599659143	0	NA	q23.1-q24.3	1500022440	1539026676
R6d1xx1	9	86126	47238907	840	47152781	0.00431	0.01755	0.49748	2	2	0	1	1	1	0	-0.0072895681874804	0	NA	p24.3-p11.2	1539245838	1586398619
R6d1xx1	9	65543125	84775931	357	19232806	0.00662	0.00716	0.49056	2	2	0	1	1	1	0	-0.0274984927780342	0	NA	q12-q21.32	1604702837	1623935643
R6d1xx1	9	84850851	141078492	1104	56227641	0.00376	0.02093	0.49219	2	2	0	1	1	1	0	-0.0227127485438833	0	NA	q21.32-q34.3	1624010563	1680238204
R6d1xx1	10	135526	38940611	769	38805085	0.00451	0.01445	0.47461	2	2	0	1	1	1	0	-0.0751855965501488	0	NA	p15.3-p11.1	1680508669	1719313754
R6d1xx1	10	42818106	135449405	1372	92631299	0.00337	0.03448	0.49737	2	2	0	1	1	1	0	-0.00760860413288826	0	NA	q11.21-q26.3	1723191249	1815822548
R6d1xx1	11	139197	1263613	144	1124416	0.01042	0.00042	0.519	2	2	0	1	1	1	0	0.0538064436957938	0	NA	p15.5	1816047087	1817171503
R6d1xx1	11	1263662	1276077	157	12415	0.00998	0	0.78851	4	4	1	0.69	0.51322	0.84845	0	0.65720095671552	2	NA	p15.5	1817171552	1817183967
R6d1xx1	11	1276289	51342530	1057	50066241	0.00384	0.01864	0.49107	2	2	0	1	1	1	0	-0.0259994054700772	0	NA	p15.5-p11.12	1817184179	1867250420
R6d1xx1	11	54769677	134871978	2039	80102301	0.00277	0.02982	0.50512	2	2	0	1	1	1	0	0.0146980708761734	0	NA	q11-q25	1870677567	1950779868
R6d1xx1	12	77870	34780948	604	34703078	0.00509	0.01292	0.47421	2	2	0	1	1	1	0	-0.0764020086210218	0	NA	p13.33-p11.1	1950992276	1985695354
R6d1xx1	12	37933893	49422607	385	11488714	0.00637	0.00428	0.48575	2	2	0	1	1	1	0	-0.0417140990767425	0	NA	q11-q13.12	1988848299	2000337013
R6d1xx1	12	49422658	57532242	492	8109584	0.00564	0.00302	0.4439	2	2	1	0.3	0.15521	0.44147	0	-0.171693386224356	0	NA	q13.12-q13.3	2000337064	2008446648
R6d1xx1	12	57532302	108697573	1198	51165271	0.00361	0.01905	0.4992	2	2	0	1	1	1	0	-0.00231016068720112	0	NA	q13.3-q23.3	2008446708	2059611979
R6d1xx1	12	108772616	133767545	845	24994929	0.0043	0.0093	0.47195	2	2	0	1	1	1	0	-0.0832940712600147	0	NA	q23.3-q24.33	2059687022	2084681951
R6d1xx1	13	19095546	103382029	1123	84286483	0.00373	0.03138	0.49938	2	2	0	1	1	1	0	-0.00179005191239566	0	NA	q11-q33.1	2103861847	2188148330
R6d1xx1	13	103382078	115017146	567	11635068	0.00525	0.00433	0.54066	2	2	1	0.26	0.10996	0.39104	0	0.112793529636305	0	NA	q33.1-q34	2188148379	2199783447
R6d1xx1	14	19075426	79348625	833	60273199	0.00433	0.02244	0.48337	2	2	0	1	1	1	0	-0.0488001588014418	0	NA	q11.1-q31.1	2219011605	2279284804
R6d1xx1	14	79423565	107214193	428	27790628	0.00604	0.01035	0.52062	2	2	0	1	1	1	0	0.0583026401097315	0	NA	q31.1-q32.33	2279359744	2307150372
R6d1xx1	15	20074969	102445766	1377	82370797	0.00337	0.03066	0.4949	2	2	0	1	1	1	0	-0.0147910526824464	0	NA	q11.1-q26.3	2327360688	2409731485
R6d1xx1	16	133256	32005290	841	31872034	0.00431	0.01186	0.46986	2	2	0	1	1	1	0	-0.0896971410618232	0	NA	p13.3-p11.2	2409950367	2441822401
R6d1xx1	16	32080007	35205897	34	3125890	0.02144	0.00116	0.58678	3	2.58262	1	0.52	0.28392	0.74882	0	0.23089160367584	1	NA	p11.2-p11.1	2441897118	2445023008
R6d1xx1	16	46611634	88500082	841	41888448	0.00431	0.01559	0.48741	2	2	0	1	1	1	0	-0.036792244313569	0	NA	q11.2-q24.2	2456428745	2498317193
R6d1xx1	16	88500131	90219754	135	1719623	0.01076	0.00064	0.40388	1	1.00229	1	0.53	0.3573	0.70145	0	-0.308001388844441	-1	NA	q24.2-q24.3	2498317242	2500036865
R6d1xx1	17	74406	22039232	648	21964826	0.00491	0.00818	0.4711	2	2	0	1	1	1	0	-0.0858947628815281	0	NA	p13.3-p11.2	2500246270	2522211096
R6d1xx1	17	25487597	81122952	1373	55635355	0.00337	0.02071	0.46307	2	2	0	1	1	1	0	-0.110697799847855	0	NA	q11.1-q25.3	2525659461	2581294816
R6d1xx1	18	235617	15334305	411	15098688	0.00617	0.00562	0.48771	2	2	0	1	1	1	0	-0.0359045412084703	0	NA	p11.32-p11.21	2581602691	2596701379
R6d1xx1	18	18740493	77941934	774	59201441	0.00449	0.02204	0.49806	2	2	0	1	1	1	0	-0.00560854438454475	0	NA	q11.1-q23	2600107567	2659309008
R6d1xx1	19	132118	8987340	221	8855222	0.00841	0.0033	0.44344	2	2	1	0.31	0.14245	0.45971	0	-0.173189182149837	0	NA	p13.3-p13.2	2659576440	2668431662
R6d1xx1	19	8992984	9028403	187	35419	0.00914	1e-05	0.57181	2	2	1	0.43	0.26699	0.59297	0	0.193607755624245	0	NA	p13.2	2668437306	2668472725
R6d1xx1	19	9033214	11144888	911	2111674	0.00414	0.00079	0.49675	2	2	0	1	1	1	0	-0.00940812741241684	0	NA	p13.2	2668477536	2670589210
R6d1xx1	19	11145638	24556146	354	13410508	0.00664	0.00499	0.435	2	2	1	0.35	0.20102	0.49853	0	-0.200912693925996	0	NA	p13.2-p11	2670589960	2684000468
R6d1xx1	19	27956429	58893367	512	30936938	0.00552	0.01152	0.46655	2	2	0	1	1	1	0	-0.0998963924028721	0	NA	q11-q13.43	2687400751	2718337689
R6d1xx1	20	135987	26244187	345	26108200	0.00673	0.00972	0.50411	2	2	0	1	1	1	0	0.0118104783992414	0	NA	p13-p11.1	2718709292	2744817492
R6d1xx1	20	29478403	62935280	532	33456877	0.00542	0.01245	0.50589	2	2	0	1	1	1	0	0.0168956265804191	0	NA	q11.21-q13.33	2748051708	2781508585
R6d1xx1	21	14413813	47895293	475	33481480	0.00574	0.01246	0.49824	2	2	0	1	1	1	0	-0.0050872453577747	0	NA	q11.2-q22.3	2796012638	2829494118
R6d1xx1	22	16131356	51175001	505	35043645	0.00556	0.01304	0.48886	2	2	0	1	1	1	0	-0.0325067303727385	0	NA	q11.1-q13.33	2845860076	2880903721
R12d1xx1	1	93709	103354247	2391	103260538	0.00256	0.03844	0.49019	2	2	0	1	1	1	0	-0.0285870417261932	0	NA	p36.33-p21.1	93709	103354247
R12d1xx1	1	103354303	103484435	111	130132	0.01186	5e-05	0.38254	1	1	0	1	1	1	0	-0.386317484900519	-1	NA	p21.1	103354303	103484435
R12d1xx1	1	103487239	121286065	316	17798826	0.00703	0.00663	0.4783	2	2	0	1	1	1	0	-0.0640123035631439	0	NA	p21.1-p11.2	103487239	121286065
R12d1xx1	1	143205289	145321921	15	2116632	0.03227	0.00079	0.71366	4	4	0	0.91	0.42661	0.98977	0	0.513308818105682	2	NA	q21.1	143205289	145321921
R12d1xx1	1	145394877	161332164	526	15937287	0.00545	0.00593	0.45335	2	2	0	0.33	0.12079	0.54179	0	-0.141302809961666	0	NA	q21.1-q23.3	145394877	161332164
R12d1xx1	1	161332224	228404958	1937	67072734	0.00284	0.02497	0.50313	2	2	0	1	1	1	0	0.00900312049803481	0	NA	q23.3-q42.13	161332224	228404958
R12d1xx1	1	228407162	228461217	54	54055	0.01701	2e-05	0.77105	4	4.00014	1	0.4	0.10376	0.7059	0	0.624896322209038	2	NA	q42.13	228407162	228461217
R12d1xx1	1	228461502	228475786	97	14284	0.01269	1e-05	0.50177	2	2	0	1	1	1	0	0.0050981220832263	0	NA	q42.13	228461502	228475786
R12d1xx1	1	228475839	228493062	62	17223	0.01588	1e-05	0.66347	3	3.01296	1	0.47	0.17308	0.76884	0	0.408103138108674	1	NA	q42.13	228475839	228493062
R12d1xx1	1	228494098	228528395	123	34297	0.01127	1e-05	0.43922	2	1.99912	1	0.46	0.19166	0.71259	0	-0.18698434554454	0	NA	q42.13	228494098	228528395
R12d1xx1	1	228528445	248832460	615	20304015	0.00504	0.00756	0.48812	2	2	0	1	1	1	0	-0.0346922296345882	0	NA	q42.13-q44	228528445	248832460
R12d1xx1	2	86985	92106651	1342	92019666	0.00341	0.03425	0.49627	2	2	0	1	1	1	0	-0.0108028499226594	0	NA	p25.3-p11.1	249337606	341357272
R12d1xx1	2	95400201	243025566	2770	147625365	0.00238	0.05495	0.50779	2	2	0	1	1	1	0	0.0223038891243181	0	NA	q11.1-q37.3	344650822	492276187
R12d1xx1	3	135374	47164205	799	47028831	0.00442	0.01751	0.37183	1	1	0	1	1	1	0	-0.427284920366422	-1	Loss_3p25.3	p26.3-p21.31	492585368	539614199
R12d1xx1	3	47164254	55779140	337	8614886	0.00681	0.00321	0.3403	1	1	1	0.31	0.08894	0.52703	0	-0.555120943584441	-1	NA	p21.31-p14.3	539614248	548229134
R12d1xx1	3	55853892	86540218	403	30686326	0.00623	0.01142	0.39404	1	1	0	1	1	1	0	-0.343586006138442	-1	NA	p14.3-p12.1	548303886	578990212
R12d1xx1	3	86615013	90429560	52	3814547	0.01733	0.00142	0.55721	3	2.80159	1	0.56	0.24306	0.86007	0	0.156293054690266	1	NA	p12.1-p11.1	579065007	582879554
R12d1xx1	3	93580592	121112874	527	27532282	0.00545	0.01025	0.5098	2	2	0	1	1	1	0	0.0280032784727525	0	NA	q11.1-q13.33	586030586	613562868
R12d1xx1	3	121186303	179626232	1028	58439929	0.0039	0.02175	0.50184	2	2	0	1	1	1	0	0.00529937287392359	0	NA	q13.33-q26.33	613636297	672076226
R12d1xx1	3	179701071	197887091	241	18186020	0.00805	0.00677	0.51763	2	2	0	1	1	1	0	0.0499931383568915	0	NA	q26.33-q29	672151065	690337085
R12d1xx1	4	88952	49263653	642	49174701	0.00493	0.01831	0.49837	2	2	0	1	1	1	0	-0.00471086872824209	0	NA	p16.3-p11	690561376	739736077
R12d1xx1	4	52735917	171378962	1961	118643045	0.00282	0.04416	0.4891	2	2	0	1	1	1	0	-0.0317986302116598	0	NA	q12-q33	743208341	861851386
R12d1xx1	4	171453969	190969597	621	19515628	0.00502	0.00726	0.53219	2	2	1	0.34	0.1325	0.54731	0	0.0900133070812803	0	NA	q33-q35.2	861926393	881442021
R12d1xx1	5	85674	46330831	926	46245157	0.00411	0.01721	0.49521	2	2	0	1	1	1	0	-0.0138876470461239	0	NA	p15.33-p11	881712374	927957531
R12d1xx1	5	49630948	107837718	978	58206770	0.004	0.02167	0.48666	2	2	0	1	1	1	0	-0.0390138946969932	0	NA	q11.1-q21.3	931257648	989464418
R12d1xx1	5	107912839	180732369	1586	72819530	0.00314	0.02711	0.51249	2	2	0	1	1	1	0	0.0355957593089429	0	NA	q21.3-q35.3	989539539	1062359069
R12d1xx1	6	135324	28418742	376	28283418	0.00645	0.01053	0.49462	2	2	0	1	1	1	0	-0.0156075184885552	0	NA	p25.3-p22.1	1062677284	1090960702
R12d1xx1	6	28493565	32411507	39	3917942	0.02002	0.00146	0.28511	0	0	1	0.78	0.43652	0.97932	1	-0.810409453375793	-2	NA	p22.1-p21.32	1091035525	1094953467
R12d1xx1	6	32411561	33096788	92	685227	0.01303	0.00026	0.36422	1	1	0	1	1	1	0	-0.457117949320023	-1	NA	p21.32	1094953521	1095638748
R12d1xx1	6	33472583	58539101	448	25066518	0.00591	0.00933	0.51207	2	2	0	1	1	1	0	0.0344129453183236	0	NA	p21.32-p11.2	1096014543	1121081061
R12d1xx1	6	61942522	170982159	2585	109039637	0.00246	0.04059	0.48401	2	2	0	1	1	1	0	-0.0468912399466409	0	NA	q11.1-q27	1124484482	1233524119
R12d1xx1	7	121242	4839811	65	4718569	0.0155	0.00176	0.46713	2	2	0	1	1	1	0	-0.098103994083646	0	NA	p22.3-p22.1	1233778269	1238496838
R12d1xx1	7	4839871	4917362	54	77491	0.01701	3e-05	0.34291	1	1	0	1	1	1	0	-0.544098117881105	-1	NA	p22.1	1238496898	1238574389
R12d1xx1	7	4917408	57978903	1069	53061495	0.00382	0.01975	0.50208	2	2	0	1	1	1	0	0.00598916253128573	0	NA	p22.1-p11.2	1238574435	1291635930
R12d1xx1	7	61118627	100480734	1351	39362107	0.0034	0.01465	0.48623	2	2	0	1	1	1	0	-0.0402891856507034	0	NA	q11.1-q22.1	1294775654	1334137761
R12d1xx1	7	100634701	100687060	251	52359	0.00789	2e-05	0.6402	3	3	1	0.27	0.06035	0.50246	0	0.356594581996132	1	NA	q22.1	1334291728	1334344087
R12d1xx1	7	100691270	107225801	157	6534531	0.00998	0.00243	0.47323	2	2	0	1	1	1	0	-0.079386559926225	0	NA	q22.1-q22.3	1334348297	1340882828
R12d1xx1	7	107283226	107399607	23	116381	0.02606	4e-05	0.72553	4	4	0	1	1	1	0	0.537107174754627	2	NA	q22.3	1340940253	1341056634
R12d1xx1	7	107474642	135415236	511	27940594	0.00553	0.0104	0.49582	2	2	0	1	1	1	0	-0.0121116279829634	0	NA	q31.1-q33	1341131669	1369072263
R12d1xx1	7	135490021	159053835	879	23563814	0.00422	0.00877	0.5047	2	2	0	1	1	1	0	0.0134979917489773	0	NA	q33-q36.3	1369147048	1392710862
R12d1xx1	8	83607	43613060	612	43529453	0.00505	0.0162	0.37095	1	1	0	1	1	1	0	-0.430703354438355	-1	Loss_8p23.2	p23.3-p11.1	1392879297	1436408750
R12d1xx1	8	47064138	81430991	689	34366853	0.00476	0.01279	0.37843	1	1	0	1	1	1	0	-0.401901632172954	-1	NA	q11.1-q21.13	1439859828	1474226681
R12d1xx1	8	81505555	107151811	338	25646256	0.0068	0.00955	0.40279	1	1	0	1	1	1	0	-0.311900228646675	-1	NA	q21.13-q23.1	1474301245	1499947501
R12d1xx1	8	107226750	146230986	1501	39004236	0.00323	0.01452	0.49772	2	2	0	1	1	1	0	-0.00659373455298362	0	NA	q23.1-q24.3	1500022440	1539026676
R12d1xx1	9	86126	47238907	840	47152781	0.00431	0.01755	0.61442	3	3	0	1	1	1	0	0.297297083136552	1	NA	p24.3-p11.2	1539245838	1586398619
R12d1xx1	9	65543125	84775931	357	19232806	0.00662	0.00716	0.59255	3	3	0	1	1	1	0	0.245008800403796	1	NA	q12-q21.32	1604702837	1623935643
R12d1xx1	9	84850851	141078492	1104	56227641	0.00376	0.02093	0.49042	2	2	0	1	1	1	0	-0.0279102795771446	0	NA	q21.32-q34.3	1624010563	1680238204
R12d1xx1	10	135526	38940611	769	38805085	0.00451	0.01445	0.48146	2	2	0	1	1	1	0	-0.0545121518524168	0	NA	p15.3-p11.1	1680508669	1719313754
R12d1xx1	10	42818106	135449405	1372	92631299	0.00337	0.03448	0.50579	2	2	0	1	1	1	0	0.0166104187981979	0	NA	q11.21-q26.3	1723191249	1815822548
R12d1xx1	11	139197	1263613	144	1124416	0.01042	0.00042	0.51531	2	2	0	1	1	1	0	0.0435124945188227	0	NA	p15.5	1816047087	1817171503
R12d1xx1	11	1263662	1276077	157	12415	0.00998	0	0.8318	5	5	0	0.92	0.65289	1	0	0.734308590096907	3	NA	p15.5	1817171552	1817183967
R12d1xx1	11	1276289	51342530	1057	50066241	0.00384	0.01864	0.4789	2	2	0	1	1	1	0	-0.0622036593134483	0	NA	p15.5-p11.12	1817184179	1867250420
R12d1xx1	11	54769677	134871978	2039	80102301	0.00277	0.02982	0.50537	2	2	0	1	1	1	0	0.0154119300288241	0	NA	q11-q25	1870677567	1950779868
R12d1xx1	12	77870	34780948	604	34703078	0.00509	0.01292	0.46645	2	2	0	1	1	1	0	-0.100205651791171	0	NA	p13.33-p11.1	1950992276	1985695354
R12d1xx1	12	37933893	49422607	385	11488714	0.00637	0.00428	0.48714	2	2	0	1	1	1	0	-0.0375916443874623	0	NA	q11-q13.12	1988848299	2000337013
R12d1xx1	12	49422658	57532242	492	8109584	0.00564	0.00302	0.44071	2	1.99994	1	0.44	0.22532	0.65217	0	-0.18209846220047	0	NA	q13.12-q13.3	2000337064	2008446648
R12d1xx1	12	57532302	108697573	1198	51165271	0.00361	0.01905	0.50551	2	2	0	1	1	1	0	0.0158115369198811	0	NA	q13.3-q23.3	2008446708	2059611979
R12d1xx1	12	108772616	133767545	845	24994929	0.0043	0.0093	0.4786	2	2	0	1	1	1	0	-0.0631076980109504	0	NA	q23.3-q24.33	2059687022	2084681951
R12d1xx1	13	19095546	103382029	1123	84286483	0.00373	0.03138	0.49373	2	2	0	1	1	1	0	-0.0182057861739888	0	NA	q11-q33.1	2103861847	2188148330
R12d1xx1	13	103382078	115017146	567	11635068	0.00525	0.00433	0.52544	2	2	0	1	1	1	0	0.0715979373409931	0	NA	q33.1-q34	2188148379	2199783447
R12d1xx1	14	19075426	79348625	833	60273199	0.00433	0.02244	0.47103	2	2	0	1	1	1	0	-0.0861091465717791	0	NA	q11.1-q31.1	2219011605	2279284804
R12d1xx1	14	79423565	107214193	428	27790628	0.00604	0.01035	0.52159	2	2	0	1	1	1	0	0.0609881153857965	0	NA	q31.1-q32.33	2279359744	2307150372
R12d1xx1	15	20074969	102445766	1377	82370797	0.00337	0.03066	0.49452	2	2	0	1	1	1	0	-0.0158992254351561	0	NA	q11.1-q26.3	2327360688	2409731485
R12d1xx1	16	133256	32005290	841	31872034	0.00431	0.01186	0.48374	2	2	0	1	1	1	0	-0.0476962570918683	0	NA	p13.3-p11.2	2409950367	2441822401
R12d1xx1	16	32080007	35205897	34	3125890	0.02144	0.00116	0.63191	3	3	0	1	1	1	0	0.337791001806667	1	NA	p11.2-p11.1	2441897118	2445023008
R12d1xx1	16	46611634	88500082	841	41888448	0.00431	0.01559	0.48842	2	2	0	1	1	1	0	-0.0338058173506421	0	NA	q11.2-q24.2	2456428745	2498317193
R12d1xx1	16	88500131	90219754	135	1719623	0.01076	0.00064	0.38861	1	1	0	1	1	1	0	-0.363605068990392	-1	NA	q24.2-q24.3	2498317242	2500036865
R12d1xx1	17	74406	22039232	648	21964826	0.00491	0.00818	0.47477	2	2	0	1	1	1	0	-0.0746993187504738	0	NA	p13.3-p11.2	2500246270	2522211096
R12d1xx1	17	25487597	81122952	1373	55635355	0.00337	0.02071	0.46336	2	2	0	1	1	1	0	-0.109794587353606	0	NA	q11.1-q25.3	2525659461	2581294816
R12d1xx1	18	235617	15334305	411	15098688	0.00617	0.00562	0.49342	2	2	0	1	1	1	0	-0.019111900700408	0	NA	p11.32-p11.21	2581602691	2596701379
R12d1xx1	18	18740493	77941934	774	59201441	0.00449	0.02204	0.50156	2	2	0	1	1	1	0	0.00449420121370016	0	NA	q11.1-q23	2600107567	2659309008
R12d1xx1	19	132118	8987340	221	8855222	0.00841	0.0033	0.45131	2	2	0	0.35	0.11558	0.58445	0	-0.147809349152	0	NA	p13.3-p13.2	2659576440	2668431662
R12d1xx1	19	8992984	9028403	187	35419	0.00914	1e-05	0.58678	3	3	0	1	1	1	0	0.23089160367584	1	NA	p13.2	2668437306	2668472725
R12d1xx1	19	9033214	11144888	911	2111674	0.00414	0.00079	0.51577	2	2	0	1	1	1	0	0.0447997656575086	0	NA	p13.2	2668477536	2670589210
R12d1xx1	19	11145638	24556146	354	13410508	0.00664	0.00499	0.44147	2	1.99997	1	0.44	0.21051	0.65416	0	-0.179612691717503	0	NA	p13.2-p11	2670589960	2684000468
R12d1xx1	19	27956429	58893367	512	30936938	0.00552	0.01152	0.46908	2	2	0	1	1	1	0	-0.0920941044263649	0	NA	q11-q13.43	2687400751	2718337689
R12d1xx1	20	135987	26244187	345	26108200	0.00673	0.00972	0.51796	2	2	0	1	1	1	0	0.0509125937004306	0	NA	p13-p11.1	2718709292	2744817492
R12d1xx1	20	29478403	62935280	532	33456877	0.00542	0.01245	0.50969	2	2	0	1	1	1	0	0.0276919532903305	0	NA	q11.21-q13.33	2748051708	2781508585
R12d1xx1	21	14413813	47895293	475	33481480	0.00574	0.01246	0.48217	2	2	0	1	1	1	0	-0.0523862037927099	0	NA	q11.2-q22.3	2796012638	2829494118
R12d1xx1	22	16131356	51175001	505	35043645	0.00556	0.01304	0.49868	2	2	0	1	1	1	0	-0.00381375127758872	0	NA	q11.1-q13.33	2845860076	2880903721
R5d1xx1	1	93709	103354247	2391	103260538	0.00256	0.03844	0.48263	2	2	0	1	1	1	0	-0.0510104994620807	0	NA	p36.33-p21.1	93709	103354247
R5d1xx1	1	103354303	103484435	111	130132	0.01186	5e-05	0.38603	1	1	1	0.65	0.46776	0.82793	0	-0.373215125193449	-1	NA	p21.1	103354303	103484435
R5d1xx1	1	103487239	121286065	316	17798826	0.00703	0.00663	0.47165	2	2	0	1	1	1	0	-0.0842114271880551	0	NA	p21.1-p11.2	103487239	121286065
R5d1xx1	1	143205289	145321921	15	2116632	0.03227	0.00079	0.70986	3	3	0	1	1	1	0	0.505606426600946	1	NA	q21.1	143205289	145321921
R5d1xx1	1	145394877	161332164	526	15937287	0.00545	0.00593	0.47797	2	2	0	1	1	1	0	-0.0650080252367134	0	NA	q21.1-q23.3	145394877	161332164
R5d1xx1	1	161332224	228404958	1937	67072734	0.00284	0.02497	0.50775	2	2	0	1	1	1	0	0.022190239634066	0	NA	q23.3-q42.13	161332224	228404958
R5d1xx1	1	228407162	228461217	54	54055	0.01701	2e-05	0.72961	3	3	1	0.35	0.13736	0.55506	0	0.545197408260496	1	NA	q42.13	228407162	228461217
R5d1xx1	1	228461502	228475786	97	14284	0.01269	1e-05	0.47923	2	2	0	1	1	1	0	-0.0612098706160506	0	NA	q42.13	228461502	228475786
R5d1xx1	1	228475839	228493062	62	17223	0.01588	1e-05	0.6371	3	3	0	0.81	0.60165	0.97185	0	0.349591742556752	1	NA	q42.13	228475839	228493062
R5d1xx1	1	228494098	228528395	123	34297	0.01127	1e-05	0.43359	2	2	1	0.38	0.19384	0.54739	0	-0.205596611066366	0	NA	q42.13	228494098	228528395
R5d1xx1	1	228528445	248832460	615	20304015	0.00504	0.00756	0.4894	2	2	0	1	1	1	0	-0.0309139934700597	0	NA	q42.13-q44	228528445	248832460
R5d1xx1	2	86985	92106651	1342	92019666	0.00341	0.03425	0.49569	2	2	0	1	1	1	0	-0.0124899405696044	0	NA	p25.3-p11.1	249337606	341357272
R5d1xx1	2	95400201	243025566	2770	147625365	0.00238	0.05495	0.50579	2	2	0	1	1	1	0	0.0166104187981979	0	NA	q11.1-q37.3	344650822	492276187
R5d1xx1	3	135374	47164205	799	47028831	0.00442	0.01751	0.32674	1	1	0	1	1	1	0	-0.613785012412722	-1	Loss_3p25.3	p26.3-p21.31	492585368	539614199
R5d1xx1	3	47164254	55779140	337	8614886	0.00681	0.00321	0.28478	1	1	1	0.24	0.08907	0.38948	0	-0.812080264994547	-1	NA	p21.31-p14.3	539614248	548229134
R5d1xx1	3	55853892	86540218	403	30686326	0.00623	0.01142	0.48384	2	2	0	1	1	1	0	-0.0473980502157391	0	NA	p14.3-p12.1	548303886	578990212
R5d1xx1	3	86615013	90429560	52	3814547	0.01733	0.00142	0.54006	2	2	0	1	1	1	0	0.111191602932866	0	NA	p12.1-p11.1	579065007	582879554
R5d1xx1	3	93580592	121112874	527	27532282	0.00545	0.01025	0.51441	2	2	0	1	1	1	0	0.0409905936769814	0	NA	q11.1-q13.33	586030586	613562868
R5d1xx1	3	121186303	179626232	1028	58439929	0.0039	0.02175	0.66522	3	3	0	1	1	1	0	0.411903449364795	1	NA	q13.33-q26.33	613636297	672076226
R5d1xx1	3	179701071	197887091	241	18186020	0.00805	0.00677	0.51047	2	2	0	1	1	1	0	0.0298980824292385	0	NA	q26.33-q29	672151065	690337085
R5d1xx1	4	88952	49263653	642	49174701	0.00493	0.01831	0.50474	2	2	0	1	1	1	0	0.0136123280179297	0	NA	p16.3-p11	690561376	739736077
R5d1xx1	4	52735917	171378962	1961	118643045	0.00282	0.04416	0.50233	2	2	0	1	1	1	0	0.00670734289123946	0	NA	q12-q33	743208341	861851386
R5d1xx1	4	171453969	190969597	621	19515628	0.00502	0.00726	0.53939	2	2	1	0.24	0.09614	0.37738	0	0.10940068014529	0	NA	q33-q35.2	861926393	881442021
R5d1xx1	5	85674	46330831	926	46245157	0.00411	0.01721	0.67045	3	3	0	1	1	1	0	0.42320164970806	1	NA	p15.33-p11	881712374	927957531
R5d1xx1	5	49630948	107837718	978	58206770	0.004	0.02167	0.49349	2	2	0	1	1	1	0	-0.0189072444439479	0	NA	q11.1-q21.3	931257648	989464418
R5d1xx1	5	107912839	180732369	1586	72819530	0.00314	0.02711	0.52548	2	2	0	1	1	1	0	0.0717077607369953	0	NA	q21.3-q35.3	989539539	1062359069
R5d1xx1	6	135324	28418742	376	28283418	0.00645	0.01053	0.48744	2	2	0	1	1	1	0	-0.0367034494195027	0	NA	p25.3-p22.1	1062677284	1090960702
R5d1xx1	6	28493565	32411507	39	3917942	0.02002	0.00146	0.29958	1	1	0	1	1	1	0	-0.738986782385563	-1	NA	p22.1-p21.32	1091035525	1094953467
R5d1xx1	6	32411561	33096788	92	685227	0.01303	0.00026	0.369	1	1	1	0.75	0.56038	0.92807	0	-0.438307278601691	-1	NA	p21.32	1094953521	1095638748
R5d1xx1	6	33472583	58539101	448	25066518	0.00591	0.00933	0.5047	2	2	0	1	1	1	0	0.0134979917489773	0	NA	p21.32-p11.2	1096014543	1121081061
R5d1xx1	6	61942522	170982159	2585	109039637	0.00246	0.04059	0.32293	1	1	0	1	1	1	0	-0.630706622220442	-1	Loss_6q22.33	q11.1-q27	1124484482	1233524119
R5d1xx1	7	121242	4839811	65	4718569	0.0155	0.00176	0.49175	2	2	0	1	1	1	0	-0.0240030423835568	0	NA	p22.3-p22.1	1233778269	1238496838
R5d1xx1	7	4839871	4917362	54	77491	0.01701	3e-05	0.34315	1	1	0	1	1	1	0	-0.543088740205865	-1	NA	p22.1	1238496898	1238574389
R5d1xx1	7	4917408	57978903	1069	53061495	0.00382	0.01975	0.50411	2	2	0	1	1	1	0	0.0118104783992414	0	NA	p22.1-p11.2	1238574435	1291635930
R5d1xx1	7	61118627	100480734	1351	39362107	0.0034	0.01465	0.49312	2	2	0	1	1	1	0	-0.0199893279220264	0	NA	q11.1-q22.1	1294775654	1334137761
R5d1xx1	7	100634701	100687060	251	52359	0.00789	2e-05	0.69092	3	3	0	1	1	1	0	0.466590579134473	1	NA	q22.1	1334291728	1334344087
R5d1xx1	7	100691270	107225801	157	6534531	0.00998	0.00243	0.49717	2	2	0	1	1	1	0	-0.00818885030110132	0	NA	q22.1-q22.3	1334348297	1340882828
R5d1xx1	7	107283226	107399607	23	116381	0.02606	4e-05	0.70686	3	3	0	1	1	1	0	0.499496409671898	1	NA	q22.3	1340940253	1341056634
R5d1xx1	7	107474642	135415236	511	27940594	0.00553	0.0104	0.50793	2	2	0	1	1	1	0	0.0227015918514546	0	NA	q31.1-q33	1341131669	1369072263
R5d1xx1	7	135490021	159053835	879	23563814	0.00422	0.00877	0.68939	3	3	0	1	1	1	0	0.463392276845026	1	NA	q33-q36.3	1369147048	1392710862
R5d1xx1	8	83607	43613060	612	43529453	0.00505	0.0162	0.33118	1	1	0	1	1	1	0	-0.594312543946397	-1	Loss_8p23.2	p23.3-p11.1	1392879297	1436408750
R5d1xx1	8	47064138	81430991	689	34366853	0.00476	0.01279	0.34448	1	1	0	1	1	1	0	-0.537507870269578	-1	NA	q11.1-q21.13	1439859828	1474226681
R5d1xx1	8	81505555	107151811	338	25646256	0.0068	0.00955	0.50467	2	2	0	1	1	1	0	0.0134122336003509	0	NA	q21.13-q23.1	1474301245	1499947501
R5d1xx1	8	107226750	146230986	1501	39004236	0.00323	0.01452	0.50856	2	2	0	1	1	1	0	0.0244898986565142	0	NA	q23.1-q24.3	1500022440	1539026676
R5d1xx1	9	86126	47238907	840	47152781	0.00431	0.01755	0.4936	2	2	0	1	1	1	0	-0.0185857004000316	0	NA	p24.3-p11.2	1539245838	1586398619
R5d1xx1	9	65543125	84775931	357	19232806	0.00662	0.00716	0.46681	2	2	0	1	1	1	0	-0.0990926281097089	0	NA	q12-q21.32	1604702837	1623935643
R5d1xx1	9	84850851	141078492	1104	56227641	0.00376	0.02093	0.49548	2	2	0	1	1	1	0	-0.0131012705394785	0	NA	q21.32-q34.3	1624010563	1680238204
R5d1xx1	10	135526	38940611	769	38805085	0.00451	0.01445	0.47652	2	2	0	1	1	1	0	-0.0693913281911873	0	NA	p15.3-p11.1	1680508669	1719313754
R5d1xx1	10	42818106	135449405	1372	92631299	0.00337	0.03448	0.49972	2	2	0	1	1	1	0	-0.000808135521969168	0	NA	q11.21-q26.3	1723191249	1815822548
R5d1xx1	11	139197	1263613	144	1124416	0.01042	0.00042	0.51831	2	2	0	1	1	1	0	0.0518871337016112	0	NA	p15.5	1816047087	1817171503
R5d1xx1	11	1263662	1276077	157	12415	0.00998	0	0.81344	4	4	1	0.84	0.66373	0.975	0	0.702107840568147	2	NA	p15.5	1817171552	1817183967
R5d1xx1	11	1276289	51342530	1057	50066241	0.00384	0.01864	0.49053	2	2	0	1	1	1	0	-0.0275867229123545	0	NA	p15.5-p11.12	1817184179	1867250420
R5d1xx1	11	54769677	134871978	2039	80102301	0.00277	0.02982	0.50617	2	2	0	1	1	1	0	0.017693908543456	0	NA	q11-q25	1870677567	1950779868
R5d1xx1	12	77870	34780948	604	34703078	0.00509	0.01292	0.48754	2	2	0	1	1	1	0	-0.0364075059035438	0	NA	p13.33-p11.1	1950992276	1985695354
R5d1xx1	12	37933893	49422607	385	11488714	0.00637	0.00428	0.49131	2	2	0	1	1	1	0	-0.0252944912480817	0	NA	q11-q13.12	1988848299	2000337013
R5d1xx1	12	49422658	57532242	492	8109584	0.00564	0.00302	0.43691	2	2	1	0.36	0.20664	0.49593	0	-0.1945919683103	0	NA	q13.12-q13.3	2000337064	2008446648
R5d1xx1	12	57532302	108697573	1198	51165271	0.00361	0.01905	0.50698	2	2	0	1	1	1	0	0.0200007401717402	0	NA	q13.3-q23.3	2008446708	2059611979
R5d1xx1	12	108772616	133767545	845	24994929	0.0043	0.0093	0.47139	2	2	0	1	1	1	0	-0.0850069411007954	0	NA	q23.3-q24.33	2059687022	2084681951
R5d1xx1	13	19095546	103382029	1123	84286483	0.00373	0.03138	0.50421	2	2	0	1	1	1	0	0.0120966365723651	0	NA	q11-q33.1	2103861847	2188148330
R5d1xx1	13	103382078	115017146	567	11635068	0.00525	0.00433	0.53991	2	2	1	0.24	0.09793	0.38167	0	0.110790843175605	0	NA	q33.1-q34	2188148379	2199783447
R5d1xx1	14	19075426	79348625	833	60273199	0.00433	0.02244	0.47388	2	2	0	1	1	1	0	-0.0774063212553069	0	NA	q11.1-q31.1	2219011605	2279284804
R5d1xx1	14	79423565	107214193	428	27790628	0.00604	0.01035	0.51631	2	2	0	1	1	1	0	0.0463094459016178	0	NA	q31.1-q32.33	2279359744	2307150372
R5d1xx1	15	20074969	102445766	1377	82370797	0.00337	0.03066	0.49216	2	2	0	1	1	1	0	-0.0228006864749853	0	NA	q11.1-q26.3	2327360688	2409731485
R5d1xx1	16	133256	32005290	841	31872034	0.00431	0.01186	0.48666	2	2	0	1	1	1	0	-0.0390138946969932	0	NA	p13.3-p11.2	2409950367	2441822401
R5d1xx1	16	32080007	35205897	34	3125890	0.02144	0.00116	0.62772	3	3	0	0.76	0.51548	0.9565	0	0.328193080962341	1	NA	p11.2-p11.1	2441897118	2445023008
R5d1xx1	16	46611634	88500082	841	41888448	0.00431	0.01559	0.49627	2	2	0	1	1	1	0	-0.0108028499226594	0	NA	q11.2-q24.2	2456428745	2498317193
R5d1xx1	16	88500131	90219754	135	1719623	0.01076	0.00064	0.39409	1	1	1	0.61	0.42706	0.77482	0	-0.343402953210267	-1	NA	q24.2-q24.3	2498317242	2500036865
R5d1xx1	17	74406	22039232	648	21964826	0.00491	0.00818	0.46823	2	2	0	1	1	1	0	-0.0947107224522344	0	NA	p13.3-p11.2	2500246270	2522211096
R5d1xx1	17	25487597	81122952	1373	55635355	0.00337	0.02071	0.45901	2	2	1	0.23	0.09162	0.35416	0	-0.123402510326155	0	NA	q11.1-q25.3	2525659461	2581294816
R5d1xx1	18	235617	15334305	411	15098688	0.00617	0.00562	0.48016	2	2	0	1	1	1	0	-0.0584128708385235	0	NA	p11.32-p11.21	2581602691	2596701379
R5d1xx1	18	18740493	77941934	774	59201441	0.00449	0.02204	0.49401	2	2	0	1	1	1	0	-0.0173878490199416	0	NA	q11.1-q23	2600107567	2659309008
R5d1xx1	19	132118	8987340	221	8855222	0.00841	0.0033	0.43582	2	2	1	0.36	0.1972	0.51801	0	-0.198195690910028	0	NA	p13.3-p13.2	2659576440	2668431662
R5d1xx1	19	8992984	9028403	187	35419	0.00914	1e-05	0.56636	2	2	1	0.4	0.22909	0.55813	0	0.179791281692735	0	NA	p13.2	2668437306	2668472725
R5d1xx1	19	9033214	11144888	911	2111674	0.00414	0.00079	0.49209	2	2	0	1	1	1	0	-0.0230058958283659	0	NA	p13.2	2668477536	2670589210
R5d1xx1	19	11145638	24556146	354	13410508	0.00664	0.00499	0.43152	2	2	1	0.39	0.23234	0.53305	0	-0.212500668201208	0	NA	p13.2-p11	2670589960	2684000468
R5d1xx1	19	27956429	58893367	512	30936938	0.00552	0.01152	0.47012	2	2	0	1	1	1	0	-0.0888990374421776	0	NA	q11-q13.43	2687400751	2718337689
R5d1xx1	20	135987	26244187	345	26108200	0.00673	0.00972	0.50181	2	2	0	1	1	1	0	0.00521312597263425	0	NA	p13-p11.1	2718709292	2744817492
R5d1xx1	20	29478403	62935280	532	33456877	0.00542	0.01245	0.49713	2	2	0	1	1	1	0	-0.0083049275447233	0	NA	q11.21-q13.33	2748051708	2781508585
R5d1xx1	21	14413813	47895293	475	33481480	0.00574	0.01246	0.50885	2	2	0	1	1	1	0	0.025312343046069	0	NA	q11.2-q22.3	2796012638	2829494118
R5d1xx1	22	16131356	51175001	505	35043645	0.00556	0.01304	0.47645	2	2	0	1	1	1	0	-0.0696032732745454	0	NA	q11.1-q13.33	2845860076	2880903721
R1d1xx1	1	93709	103354247	2391	103260538	0.00256	0.03844	0.47309	2	2	0	1	1	1	0	-0.0798134288652688	0	NA	p36.33-p21.1	93709	103354247
R1d1xx1	1	103354303	103484435	111	130132	0.01186	5e-05	0.4085	1	1.0401	1	0.53	0.32258	0.72871	0	-0.291592016516404	-1	NA	p21.1	103354303	103484435
R1d1xx1	1	103487239	121286065	316	17798826	0.00703	0.00663	0.48636	2	2	0	1	1	1	0	-0.0399035136688148	0	NA	p21.1-p11.2	103487239	121286065
R1d1xx1	1	143205289	145321921	15	2116632	0.03227	0.00079	0.74242	4	3.99962	1	0.66	0.32347	0.94468	0	0.570307480761538	2	NA	q21.1	143205289	145321921
R1d1xx1	1	145394877	161332164	526	15937287	0.00545	0.00593	0.4805	2	2	0	1	1	1	0	-0.0573916638883367	0	NA	q21.1-q23.3	145394877	161332164
R1d1xx1	1	161332224	228404958	1937	67072734	0.00284	0.02497	0.51164	2	2	0	1	1	1	0	0.0332009635968077	0	NA	q23.3-q42.13	161332224	228404958
R1d1xx1	1	228407162	228461217	54	54055	0.01701	2e-05	0.73596	4	4	1	0.62	0.38091	0.85184	0	0.557699261925036	2	NA	q42.13	228407162	228461217
R1d1xx1	1	228461502	228475786	97	14284	0.01269	1e-05	0.48083	2	2	0	1	1	1	0	-0.0564011832371686	0	NA	q42.13	228461502	228475786
R1d1xx1	1	228475839	228493062	62	17223	0.01588	1e-05	0.6338	3	3	0	1	1	1	0	0.342099564832784	1	NA	q42.13	228475839	228493062
R1d1xx1	1	228494098	228528395	123	34297	0.01127	1e-05	0.4303	2	2	1	0.39	0.18329	0.58161	0	-0.21658525460114	0	NA	q42.13	228494098	228528395
R1d1xx1	1	228528445	248832460	615	20304015	0.00504	0.00756	0.4972	2	2	0	1	1	1	0	-0.0081017984969645	0	NA	q42.13-q44	228528445	248832460
R1d1xx1	2	86985	92106651	1342	92019666	0.00341	0.03425	0.50418	2	2	0	1	1	1	0	0.0120107950800069	0	NA	p25.3-p11.1	249337606	341357272
R1d1xx1	2	95400201	243025566	2770	147625365	0.00238	0.05495	0.50994	2	2	0	1	1	1	0	0.028399413383599	0	NA	q11.1-q37.3	344650822	492276187
R1d1xx1	3	135374	47164205	799	47028831	0.00442	0.01751	0.34286	1	1	0	1	1	1	0	-0.54430849381523	-1	Loss_3p25.3	p26.3-p21.31	492585368	539614199
R1d1xx1	3	47164254	55779140	337	8614886	0.00681	0.00321	0.31545	1	1	0	1	1	1	0	-0.664516744096514	-1	NA	p21.31-p14.3	539614248	548229134
R1d1xx1	3	55853892	86540218	403	30686326	0.00623	0.01142	0.49329	2	2	0	1	1	1	0	-0.0194920536458546	0	NA	p14.3-p12.1	548303886	578990212
R1d1xx1	3	86615013	90429560	52	3814547	0.01733	0.00142	0.55582	2	2.00002	1	0.44	0.19499	0.67112	0	0.152689652896324	0	NA	p12.1-p11.1	579065007	582879554
R1d1xx1	3	93580592	121112874	527	27532282	0.00545	0.01025	0.51925	2	2	0	1	1	1	0	0.0545012161825606	0	NA	q11.1-q13.33	586030586	613562868
R1d1xx1	3	121186303	179626232	1028	58439929	0.0039	0.02175	0.6447	3	3	0	1	1	1	0	0.36669988859949	1	NA	q13.33-q26.33	613636297	672076226
R1d1xx1	3	179701071	197887091	241	18186020	0.00805	0.00677	0.49486	2	2	0	1	1	1	0	-0.0149076623689703	0	NA	q26.33-q29	672151065	690337085
R1d1xx1	4	88952	49263653	642	49174701	0.00493	0.01831	0.49363	2	2	0	1	1	1	0	-0.0184980190061516	0	NA	p16.3-p11	690561376	739736077
R1d1xx1	4	52735917	171378962	1961	118643045	0.00282	0.04416	0.5074	2	2	0	1	1	1	0	0.0211954245144897	0	NA	q12-q33	743208341	861851386
R1d1xx1	4	171453969	190969597	621	19515628	0.00502	0.00726	0.54465	2	2	1	0.36	0.20056	0.51834	0	0.123401335971914	0	NA	q33-q35.2	861926393	881442021
R1d1xx1	5	85674	46330831	926	46245157	0.00411	0.01721	0.6464	3	3	0	1	1	1	0	0.370499103202345	1	NA	p15.33-p11	881712374	927957531
R1d1xx1	5	49630948	107837718	978	58206770	0.004	0.02167	0.48683	2	2	0	1	1	1	0	-0.0385100206778575	0	NA	q11.1-q21.3	931257648	989464418
R1d1xx1	5	107912839	180732369	1586	72819530	0.00314	0.02711	0.51724	2	2	0	1	1	1	0	0.0489057532890412	0	NA	q21.3-q35.3	989539539	1062359069
R1d1xx1	6	135324	28418742	376	28283418	0.00645	0.01053	0.47913	2	2	0	1	1	1	0	-0.0615109464218281	0	NA	p25.3-p22.1	1062677284	1090960702
R1d1xx1	6	28493565	32411507	39	3917942	0.02002	0.00146	0.27874	1	1	1	0.38	0.12805	0.63449	0	-0.843008046658705	-1	NA	p22.1-p21.32	1091035525	1094953467
R1d1xx1	6	32411561	33096788	92	685227	0.01303	0.00026	0.35461	1	1	0	1	1	1	0	-0.49569487408509	-1	NA	p21.32	1094953521	1095638748
R1d1xx1	6	33472583	58539101	448	25066518	0.00591	0.00933	0.49366	2	2	0	1	1	1	0	-0.0184103429408822	0	NA	p21.32-p11.2	1096014543	1121081061
R1d1xx1	6	61942522	170982159	2585	109039637	0.00246	0.04059	0.337	1	1	0	1	1	1	0	-0.569179503480228	-1	Loss_6q22.33	q11.1-q27	1124484482	1233524119
R1d1xx1	7	121242	4839811	65	4718569	0.0155	0.00176	0.47794	2	2	0	1	1	1	0	-0.0650985794755872	0	NA	p22.3-p22.1	1233778269	1238496838
R1d1xx1	7	4839871	4917362	54	77491	0.01701	3e-05	0.33993	1	1	0	1	1	1	0	-0.556690404554327	-1	NA	p22.1	1238496898	1238574389
R1d1xx1	7	4917408	57978903	1069	53061495	0.00382	0.01975	0.51516	2	2	0	1	1	1	0	0.0430924837321682	0	NA	p22.1-p11.2	1238574435	1291635930
R1d1xx1	7	61118627	100480734	1351	39362107	0.0034	0.01465	0.48549	2	2	0	1	1	1	0	-0.0424865152037377	0	NA	q11.1-q22.1	1294775654	1334137761
R1d1xx1	7	100634701	100687060	251	52359	0.00789	2e-05	0.66526	3	3	0	1	1	1	0	0.411990196706585	1	NA	q22.1	1334291728	1334344087
R1d1xx1	7	100691270	107225801	157	6534531	0.00998	0.00243	0.49524	2	2	0	1	1	1	0	-0.0138002507086209	0	NA	q22.1-q22.3	1334348297	1340882828
R1d1xx1	7	107283226	107399607	23	116381	0.02606	4e-05	0.73052	4	3.99102	1	0.59	0.28679	0.86942	0	0.546995676438244	2	NA	q22.3	1340940253	1341056634
R1d1xx1	7	107474642	135415236	511	27940594	0.00553	0.0104	0.50502	2	2	0	1	1	1	0	0.0144124282829483	0	NA	q31.1-q33	1341131669	1369072263
R1d1xx1	7	135490021	159053835	879	23563814	0.00422	0.00877	0.66094	3	3	0	1	1	1	0	0.402591215224786	1	NA	q33-q36.3	1369147048	1392710862
R1d1xx1	8	83607	43613060	612	43529453	0.00505	0.0162	0.35638	1	1	0	1	1	1	0	-0.488511719616869	-1	Loss_8p23.2	p23.3-p11.1	1392879297	1436408750
R1d1xx1	8	47064138	81430991	689	34366853	0.00476	0.01279	0.37116	1	1	1	0.78	0.61367	0.92582	0	-0.429886855626391	-1	NA	q11.1-q21.13	1439859828	1474226681
R1d1xx1	8	81505555	107151811	338	25646256	0.0068	0.00955	0.51821	2	2	0	1	1	1	0	0.0516087608684066	0	NA	q21.13-q23.1	1474301245	1499947501
R1d1xx1	8	107226750	146230986	1501	39004236	0.00323	0.01452	0.50796	2	2	0	1	1	1	0	0.0227867996027647	0	NA	q23.1-q24.3	1500022440	1539026676
R1d1xx1	9	86126	47238907	840	47152781	0.00431	0.01755	0.49353	2	2	0	1	1	1	0	-0.0187903110450964	0	NA	p24.3-p11.2	1539245838	1586398619
R1d1xx1	9	65543125	84775931	357	19232806	0.00662	0.00716	0.47665	2	2	0	1	1	1	0	-0.0689977984819466	0	NA	q12-q21.32	1604702837	1623935643
R1d1xx1	9	84850851	141078492	1104	56227641	0.00376	0.02093	0.50094	2	2	0	1	1	1	0	0.00270972033710816	0	NA	q21.32-q34.3	1624010563	1680238204
R1d1xx1	10	135526	38940611	769	38805085	0.00451	0.01445	0.4753	2	2	0	1	1	1	0	-0.0730896932471135	0	NA	p15.3-p11.1	1680508669	1719313754
R1d1xx1	10	42818106	135449405	1372	92631299	0.00337	0.03448	0.49665	2	2	0	1	1	1	0	-0.00969858343129396	0	NA	q11.21-q26.3	1723191249	1815822548
R1d1xx1	11	139197	1263613	144	1124416	0.01042	0.00042	0.5142	2	2	0	1	1	1	0	0.0404015152842066	0	NA	p15.5	1816047087	1817171503
R1d1xx1	11	1263662	1276077	157	12415	0.00998	0	0.79021	4	4	0	1	1	1	0	0.66030800865313	2	NA	p15.5	1817171552	1817183967
R1d1xx1	11	1276289	51342530	1057	50066241	0.00384	0.01864	0.49545	2	2	0	1	1	1	0	-0.0131886245427681	0	NA	p15.5-p11.12	1817184179	1867250420
R1d1xx1	11	54769677	134871978	2039	80102301	0.00277	0.02982	0.5061	2	2	0	1	1	1	0	0.0174943794592725	0	NA	q11-q25	1870677567	1950779868
R1d1xx1	12	77870	34780948	604	34703078	0.00509	0.01292	0.48156	2	2	0	1	1	1	0	-0.0542125329356603	0	NA	p13.33-p11.1	1950992276	1985695354
R1d1xx1	12	37933893	49422607	385	11488714	0.00637	0.00428	0.50568	2	2	0	1	1	1	0	0.0162966251016506	0	NA	q11-q13.12	1988848299	2000337013
R1d1xx1	12	49422658	57532242	492	8109584	0.00564	0.00302	0.44267	2	2	1	0.31	0.13844	0.4641	0	-0.175696490409744	0	NA	q13.12-q13.3	2000337064	2008446648
R1d1xx1	12	57532302	108697573	1198	51165271	0.00361	0.01905	0.50219	2	2	0	1	1	1	0	0.00630520593621172	0	NA	q13.3-q23.3	2008446708	2059611979
R1d1xx1	12	108772616	133767545	845	24994929	0.0043	0.0093	0.47553	2	2	0	1	1	1	0	-0.0723917349036107	0	NA	q23.3-q24.33	2059687022	2084681951
R1d1xx1	13	19095546	103382029	1123	84286483	0.00373	0.03138	0.49254	2	2	0	1	1	1	0	-0.021687201875103	0	NA	q11-q33.1	2103861847	2188148330
R1d1xx1	13	103382078	115017146	567	11635068	0.00525	0.00433	0.54235	2	2	1	0.35	0.18375	0.50487	0	0.117296085657242	0	NA	q33.1-q34	2188148379	2199783447
R1d1xx1	14	19075426	79348625	833	60273199	0.00433	0.02244	0.47418	2	2	0	1	1	1	0	-0.0764932808850506	0	NA	q11.1-q31.1	2219011605	2279284804
R1d1xx1	14	79423565	107214193	428	27790628	0.00604	0.01035	0.5257	2	2	0	0.24	0.07425	0.40036	0	0.0723116400224263	0	NA	q31.1-q32.33	2279359744	2307150372
R1d1xx1	15	20074969	102445766	1377	82370797	0.00337	0.03066	0.4815	2	2	0	1	1	1	0	-0.0543922968186278	0	NA	q11.1-q26.3	2327360688	2409731485
R1d1xx1	16	133256	32005290	841	31872034	0.00431	0.01186	0.48354	2	2	0	1	1	1	0	-0.0482928558270631	0	NA	p13.3-p11.2	2409950367	2441822401
R1d1xx1	16	32080007	35205897	34	3125890	0.02144	0.00116	0.64087	3	3	0	1	1	1	0	0.3581036420249	1	NA	p11.2-p11.1	2441897118	2445023008
R1d1xx1	16	46611634	88500082	841	41888448	0.00431	0.01559	0.47797	2	2	0	1	1	1	0	-0.0650080252367134	0	NA	q11.2-q24.2	2456428745	2498317193
R1d1xx1	16	88500131	90219754	135	1719623	0.01076	0.00064	0.39229	1	1	1	0.64	0.43621	0.82799	0	-0.350007535241634	-1	NA	q24.2-q24.3	2498317242	2500036865
R1d1xx1	17	74406	22039232	648	21964826	0.00491	0.00818	0.47113	2	2	0	1	1	1	0	-0.0858028939084722	0	NA	p13.3-p11.2	2500246270	2522211096
R1d1xx1	17	25487597	81122952	1373	55635355	0.00337	0.02071	0.45717	2	2	0	1	1	1	0	-0.129197359469845	0	NA	q11.1-q25.3	2525659461	2581294816
R1d1xx1	18	235617	15334305	411	15098688	0.00617	0.00562	0.48364	2	2	0	1	1	1	0	-0.047994525620477	0	NA	p11.32-p11.21	2581602691	2596701379
R1d1xx1	18	18740493	77941934	774	59201441	0.00449	0.02204	0.51001	2	2	0	1	1	1	0	0.0285974400574964	0	NA	q11.1-q23	2600107567	2659309008
R1d1xx1	19	132118	8987340	221	8855222	0.00841	0.0033	0.43585	2	2	1	0.35	0.16518	0.52676	0	-0.198096385321345	0	NA	p13.3-p13.2	2659576440	2668431662
R1d1xx1	19	8992984	9028403	187	35419	0.00914	1e-05	0.57762	3	3	1	0.58	0.39073	0.76167	0	0.208192601287308	1	NA	p13.2	2668437306	2668472725
R1d1xx1	19	9033214	11144888	911	2111674	0.00414	0.00079	0.49703	2	2	0	1	1	1	0	-0.00859516152029151	0	NA	p13.2	2668477536	2670589210
R1d1xx1	19	11145638	24556146	354	13410508	0.00664	0.00499	0.43776	2	2	1	0.34	0.16393	0.50284	0	-0.191787959550914	0	NA	p13.2-p11	2670589960	2684000468
R1d1xx1	19	27956429	58893367	512	30936938	0.00552	0.01152	0.46195	2	2	0	1	1	1	0	-0.114191387522483	0	NA	q11-q13.43	2687400751	2718337689
R1d1xx1	20	135987	26244187	345	26108200	0.00673	0.00972	0.49404	2	2	0	1	1	1	0	-0.0173002403943863	0	NA	p13-p11.1	2718709292	2744817492
R1d1xx1	20	29478403	62935280	532	33456877	0.00542	0.01245	0.49421	2	2	0	1	1	1	0	-0.0168038919817978	0	NA	q11.21-q13.33	2748051708	2781508585
R1d1xx1	21	14413813	47895293	475	33481480	0.00574	0.01246	0.48572	2	2	0	1	1	1	0	-0.0418032029116328	0	NA	q11.2-q22.3	2796012638	2829494118
R1d1xx1	22	16131356	51175001	505	35043645	0.00556	0.01304	0.48384	2	2	0	1	1	1	0	-0.0473980502157391	0	NA	q11.1-q13.33	2845860076	2880903721
R8d1xx1	1	93709	103354247	2391	103260538	0.00256	0.03844	0.49097	2	2	0	1	1	1	0	-0.0262932214135979	0	NA	p36.33-p21.1	93709	103354247
R8d1xx1	1	103354303	103484435	111	130132	0.01186	5e-05	0.38109	1	1	1	0.61	0.44364	0.76657	0	-0.391796343309553	-1	NA	p21.1	103354303	103484435
R8d1xx1	1	103487239	121286065	316	17798826	0.00703	0.00663	0.47691	2	2	0	1	1	1	0	-0.0682110609511636	0	NA	p21.1-p11.2	103487239	121286065
R8d1xx1	1	143205289	145321921	15	2116632	0.03227	0.00079	0.72613	3	3	0	1	1	1	0	0.538299764030112	1	NA	q21.1	143205289	145321921
R8d1xx1	1	145394877	161332164	526	15937287	0.00545	0.00593	0.45714	2	2	1	0.21	0.08078	0.33659	0	-0.12929203381715	0	NA	q21.1-q23.3	145394877	161332164
R8d1xx1	1	161332224	228404958	1937	67072734	0.00284	0.02497	0.50512	2	2	0	1	1	1	0	0.0146980708761734	0	NA	q23.3-q42.13	161332224	228404958
R8d1xx1	1	228407162	228461217	54	54055	0.01701	2e-05	0.75127	3	3	1	0.32	0.13178	0.50629	0	0.587403398279883	1	NA	q42.13	228407162	228461217
R8d1xx1	1	228461502	228475786	97	14284	0.01269	1e-05	0.48633	2	2	0	1	1	1	0	-0.0399925057448934	0	NA	q42.13	228461502	228475786
R8d1xx1	1	228475839	228493062	62	17223	0.01588	1e-05	0.66287	3	3	0	1	1	1	0	0.40679786633284	1	NA	q42.13	228475839	228493062
R8d1xx1	1	228494098	228528395	123	34297	0.01127	1e-05	0.42973	2	2	1	0.36	0.19267	0.50928	0	-0.21849759787687	0	NA	q42.13	228494098	228528395
R8d1xx1	1	228528445	248832460	615	20304015	0.00504	0.00756	0.4814	2	2	0	1	1	1	0	-0.0546919530749525	0	NA	q42.13-q44	228528445	248832460
R8d1xx1	2	86985	92106651	1342	92019666	0.00341	0.03425	0.50288	2	2	0	1	1	1	0	0.00828608236193929	0	NA	p25.3-p11.1	249337606	341357272
R8d1xx1	2	95400201	243025566	2770	147625365	0.00238	0.05495	0.50358	2	2	0	1	1	1	0	0.0102928917561722	0	NA	q11.1-q37.3	344650822	492276187
R8d1xx1	3	135374	47164205	799	47028831	0.00442	0.01751	0.30918	1	1	0	1	1	1	0	-0.693481096562627	-1	Loss_3p25.3	p26.3-p21.31	492585368	539614199
R8d1xx1	3	47164254	55779140	337	8614886	0.00681	0.00321	0.26988	1	1	1	0.19	0.05611	0.32163	0	-0.889610027937839	-1	NA	p21.31-p14.3	539614248	548229134
R8d1xx1	3	55853892	86540218	403	30686326	0.00623	0.01142	0.47685	2	2	0	1	1	1	0	-0.0683925776903172	0	NA	p14.3-p12.1	548303886	578990212
R8d1xx1	3	86615013	90429560	52	3814547	0.01733	0.00142	0.51047	2	2	0	1	1	1	0	0.0298980824292385	0	NA	p12.1-p11.1	579065007	582879554
R8d1xx1	3	93580592	121112874	527	27532282	0.00545	0.01025	0.52282	2	2	0	1	1	1	0	0.0643862362783497	0	NA	q11.1-q13.33	586030586	613562868
R8d1xx1	3	121186303	179626232	1028	58439929	0.0039	0.02175	0.67096	3	3	0	1	1	1	0	0.424298666289575	1	NA	q13.33-q26.33	613636297	672076226
R8d1xx1	3	179701071	197887091	241	18186020	0.00805	0.00677	0.49305	2	2	0	1	1	1	0	-0.0201941377479831	0	NA	q26.33-q29	672151065	690337085
R8d1xx1	4	88952	49263653	642	49174701	0.00493	0.01831	0.50509	2	2	0	1	1	1	0	0.0146123840363295	0	NA	p16.3-p11	690561376	739736077
R8d1xx1	4	52735917	171378962	1961	118643045	0.00282	0.04416	0.48606	2	2	0	1	1	1	0	-0.0407936815510014	0	NA	q12-q33	743208341	861851386
R8d1xx1	4	171453969	190969597	621	19515628	0.00502	0.00726	0.53289	2	2	0	0.18	0.05589	0.30439	0	0.0919096654281245	0	NA	q33-q35.2	861926393	881442021
R8d1xx1	5	85674	46330831	926	46245157	0.00411	0.01721	0.66301	3	3	0	0.86	0.73534	0.96946	0	0.407102535392596	1	NA	p15.33-p11	881712374	927957531
R8d1xx1	5	49630948	107837718	978	58206770	0.004	0.02167	0.48173	2	2	0	1	1	1	0	-0.0537033235397415	0	NA	q11.1-q21.3	931257648	989464418
R8d1xx1	5	107912839	180732369	1586	72819530	0.00314	0.02711	0.51317	2	2	0	1	1	1	0	0.0375087378233494	0	NA	q21.3-q35.3	989539539	1062359069
R8d1xx1	6	135324	28418742	376	28283418	0.00645	0.01053	0.49421	2	2	0	1	1	1	0	-0.0168038919817978	0	NA	p25.3-p22.1	1062677284	1090960702
R8d1xx1	6	28493565	32411507	39	3917942	0.02002	0.00146	0.28016	1	1	0	1	1	1	0	-0.835677106003254	-1	NA	p22.1-p21.32	1091035525	1094953467
R8d1xx1	6	32411561	33096788	92	685227	0.01303	0.00026	0.3808	1	1	1	0.61	0.4394	0.77407	0	-0.392894616241506	-1	NA	p21.32	1094953521	1095638748
R8d1xx1	6	33472583	58539101	448	25066518	0.00591	0.00933	0.49059	2	2	0	1	1	1	0	-0.0274102680392273	0	NA	p21.32-p11.2	1096014543	1121081061
R8d1xx1	6	61942522	170982159	2585	109039637	0.00246	0.04059	0.3073	1	1	0	1	1	1	0	-0.702280327956487	-1	Loss_6q22.33	q11.1-q27	1124484482	1233524119
R8d1xx1	7	121242	4839811	65	4718569	0.0155	0.00176	0.49593	2	2	0	1	1	1	0	-0.0117915947988978	0	NA	p22.3-p22.1	1233778269	1238496838
R8d1xx1	7	4839871	4917362	54	77491	0.01701	3e-05	0.32367	1	1	0	1	1	1	0	-0.627404442213155	-1	NA	p22.1	1238496898	1238574389
R8d1xx1	7	4917408	57978903	1069	53061495	0.00382	0.01975	0.49404	2	2	0	1	1	1	0	-0.0173002403943863	0	NA	p22.1-p11.2	1238574435	1291635930
R8d1xx1	7	61118627	100480734	1351	39362107	0.0034	0.01465	0.4788	2	2	0	1	1	1	0	-0.0625049426059474	0	NA	q11.1-q22.1	1294775654	1334137761
R8d1xx1	7	100634701	100687060	251	52359	0.00789	2e-05	0.67282	3	3	0	1	1	1	0	0.428292496365569	1	NA	q22.1	1334291728	1334344087
R8d1xx1	7	100691270	107225801	157	6534531	0.00998	0.00243	0.48717	2	2	0	1	1	1	0	-0.0375028002798574	0	NA	q22.1-q22.3	1334348297	1340882828
R8d1xx1	7	107283226	107399607	23	116381	0.02606	4e-05	0.71747	3	3	0	1	1	1	0	0.520990413895976	1	NA	q22.3	1340940253	1341056634
R8d1xx1	7	107474642	135415236	511	27940594	0.00553	0.0104	0.5039	2	2	0	1	1	1	0	0.0112093614203034	0	NA	q31.1-q33	1341131669	1369072263
R8d1xx1	7	135490021	159053835	879	23563814	0.00422	0.00877	0.69313	3	3	0	1	1	1	0	0.471197867527381	1	NA	q33-q36.3	1369147048	1392710862
R8d1xx1	8	83607	43613060	612	43529453	0.00505	0.0162	0.30524	1	1	0	1	1	1	0	-0.711984063185667	-1	Loss_8p23.2	p23.3-p11.1	1392879297	1436408750
R8d1xx1	8	47064138	81430991	689	34366853	0.00476	0.01279	0.32858	1	1	0	1	1	1	0	-0.605683425856037	-1	NA	q11.1-q21.13	1439859828	1474226681
R8d1xx1	8	81505555	107151811	338	25646256	0.0068	0.00955	0.5047	2	2	0	1	1	1	0	0.0134979917489773	0	NA	q21.13-q23.1	1474301245	1499947501
R8d1xx1	8	107226750	146230986	1501	39004236	0.00323	0.01452	0.49551	2	2	0	1	1	1	0	-0.0130139218250819	0	NA	q23.1-q24.3	1500022440	1539026676
R8d1xx1	9	86126	47238907	840	47152781	0.00431	0.01755	0.48951	2	2	0	1	1	1	0	-0.0305897625291852	0	NA	p24.3-p11.2	1539245838	1586398619
R8d1xx1	9	65543125	84775931	357	19232806	0.00662	0.00716	0.46814	2	2	0	1	1	1	0	-0.0949880541781116	0	NA	q12-q21.32	1604702837	1623935643
R8d1xx1	9	84850851	141078492	1104	56227641	0.00376	0.02093	0.50052	2	2	0	1	1	1	0	0.00149962317356996	0	NA	q21.32-q34.3	1624010563	1680238204
R8d1xx1	10	135526	38940611	769	38805085	0.00451	0.01445	0.48136	2	2	0	1	1	1	0	-0.0548118330069579	0	NA	p15.3-p11.1	1680508669	1719313754
R8d1xx1	10	42818106	135449405	1372	92631299	0.00337	0.03448	0.49755	2	2	0	1	1	1	0	-0.00708658204027108	0	NA	q11.21-q26.3	1723191249	1815822548
R8d1xx1	11	139197	1263613	144	1124416	0.01042	0.00042	0.52037	2	2	0	1	1	1	0	0.0576096963405192	0	NA	p15.5	1816047087	1817171503
R8d1xx1	11	1263662	1276077	157	12415	0.00998	0	0.82611	4	4	1	0.71	0.55765	0.86089	0	0.7244058004238	2	NA	p15.5	1817171552	1817183967
R8d1xx1	11	1276289	51342530	1057	50066241	0.00384	0.01864	0.48207	2	2	0	1	1	1	0	-0.0526854436180773	0	NA	p15.5-p11.12	1817184179	1867250420
R8d1xx1	11	54769677	134871978	2039	80102301	0.00277	0.02982	0.50888	2	2	0	1	1	1	0	0.0253973967464398	0	NA	q11-q25	1870677567	1950779868
R8d1xx1	12	77870	34780948	604	34703078	0.00509	0.01292	0.4669	2	2	0	1	1	1	0	-0.0988145063072603	0	NA	p13.33-p11.1	1950992276	1985695354
R8d1xx1	12	37933893	49422607	385	11488714	0.00637	0.00428	0.48991	2	2	0	1	1	1	0	-0.0294113548012644	0	NA	q11-q13.12	1988848299	2000337013
R8d1xx1	12	49422658	57532242	492	8109584	0.00564	0.00302	0.43688	2	2	1	0.32	0.18407	0.44331	0	-0.194691032962548	0	NA	q13.12-q13.3	2000337064	2008446648
R8d1xx1	12	57532302	108697573	1198	51165271	0.00361	0.01905	0.50652	2	2	0	1	1	1	0	0.0186911402420333	0	NA	q13.3-q23.3	2008446708	2059611979
R8d1xx1	12	108772616	133767545	845	24994929	0.0043	0.0093	0.47734	2	2	0	1	1	1	0	-0.066910858887614	0	NA	q23.3-q24.33	2059687022	2084681951
R8d1xx1	13	19095546	103382029	1123	84286483	0.00373	0.03138	0.49589	2	2	0	1	1	1	0	-0.0119079622882947	0	NA	q11-q33.1	2103861847	2188148330
R8d1xx1	13	103382078	115017146	567	11635068	0.00525	0.00433	0.5448	2	2	1	0.25	0.11263	0.36761	0	0.123798608462622	0	NA	q33.1-q34	2188148379	2199783447
R8d1xx1	14	19075426	79348625	833	60273199	0.00433	0.02244	0.48173	2	2	0	1	1	1	0	-0.0537033235397415	0	NA	q11.1-q31.1	2219011605	2279284804
R8d1xx1	14	79423565	107214193	428	27790628	0.00604	0.01035	0.51488	2	2	0	1	1	1	0	0.0423081362866346	0	NA	q31.1-q32.33	2279359744	2307150372
R8d1xx1	15	20074969	102445766	1377	82370797	0.00337	0.03066	0.496	2	2	0	1	1	1	0	-0.0115879742752118	0	NA	q11.1-q26.3	2327360688	2409731485
R8d1xx1	16	133256	32005290	841	31872034	0.00431	0.01186	0.47754	2	2	0	1	1	1	0	-0.0663065127658035	0	NA	p13.3-p11.2	2409950367	2441822401
R8d1xx1	16	32080007	35205897	34	3125890	0.02144	0.00116	0.64524	3	3	1	0.77	0.55356	0.95418	0	0.367907782559812	1	NA	p11.2-p11.1	2441897118	2445023008
R8d1xx1	16	46611634	88500082	841	41888448	0.00431	0.01559	0.50087	2	2	0	1	1	1	0	0.00250810794947657	0	NA	q11.2-q24.2	2456428745	2498317193
R8d1xx1	16	88500131	90219754	135	1719623	0.01076	0.00064	0.37232	1	1	1	0.66	0.49511	0.80673	0	-0.425384979031463	-1	NA	q24.2-q24.3	2498317242	2500036865
R8d1xx1	17	74406	22039232	648	21964826	0.00491	0.00818	0.47817	2	2	0	1	1	1	0	-0.064404475521429	0	NA	p13.3-p11.2	2500246270	2522211096
R8d1xx1	17	25487597	81122952	1373	55635355	0.00337	0.02071	0.46362	2	2	0	0.18	0.05926	0.29207	0	-0.108985291100252	0	NA	q11.1-q25.3	2525659461	2581294816
R8d1xx1	18	235617	15334305	411	15098688	0.00617	0.00562	0.48717	2	2	0	1	1	1	0	-0.0375028002798574	0	NA	p11.32-p11.21	2581602691	2596701379
R8d1xx1	18	18740493	77941934	774	59201441	0.00449	0.02204	0.50275	2	2	0	1	1	1	0	0.00791308164326493	0	NA	q11.1-q23	2600107567	2659309008
R8d1xx1	19	132118	8987340	221	8855222	0.00841	0.0033	0.44866	2	2	1	0.26	0.10914	0.39598	0	-0.15630552770843	0	NA	p13.3-p13.2	2659576440	2668431662
R8d1xx1	19	8992984	9028403	187	35419	0.00914	1e-05	0.58378	2	2	1	0.45	0.29608	0.59098	0	0.223496690815662	0	NA	p13.2	2668437306	2668472725
R8d1xx1	19	9033214	11144888	911	2111674	0.00414	0.00079	0.51484	2	2	0	1	1	1	0	0.0421960518332596	0	NA	p13.2	2668477536	2670589210
R8d1xx1	19	11145638	24556146	354	13410508	0.00664	0.00499	0.43664	2	2	1	0.32	0.18047	0.44949	0	-0.195483795162671	0	NA	p13.2-p11	2670589960	2684000468
R8d1xx1	19	27956429	58893367	512	30936938	0.00552	0.01152	0.46684	2	2	0	1	1	1	0	-0.0989999148847498	0	NA	q11-q13.43	2687400751	2718337689
R8d1xx1	20	135987	26244187	345	26108200	0.00673	0.00972	0.49305	2	2	0	1	1	1	0	-0.0201941377479831	0	NA	p13-p11.1	2718709292	2744817492
R8d1xx1	20	29478403	62935280	532	33456877	0.00542	0.01245	0.49744	2	2	0	1	1	1	0	-0.00740557309574766	0	NA	q11.21-q13.33	2748051708	2781508585
R8d1xx1	21	14413813	47895293	475	33481480	0.00574	0.01246	0.48223	2	2	0	1	1	1	0	-0.0522066896853581	0	NA	q11.2-q22.3	2796012638	2829494118
R8d1xx1	22	16131356	51175001	505	35043645	0.00556	0.01304	0.49236	2	2	0	1	1	1	0	-0.0222145348231205	0	NA	q11.1-q13.33	2845860076	2880903721
R11d1xx1	1	93709	103354247	2391	103260538	0.00256	0.03844	0.48863	2	2	0	1	1	1	0	-0.0331856526441237	0	NA	p36.33-p21.1	93709	103354247
R11d1xx1	1	103354303	103484435	111	130132	0.01186	5e-05	0.38684	1	1	1	0.74	0.52435	0.93864	0	-0.370191114917531	-1	NA	p21.1	103354303	103484435
R11d1xx1	1	103487239	121286065	316	17798826	0.00703	0.00663	0.49644	2	2	0	1	1	1	0	-0.010308731480519	0	NA	p21.1-p11.2	103487239	121286065
R11d1xx1	1	143205289	145321921	15	2116632	0.03227	0.00079	0.74711	4	4	1	0.75	0.38407	0.97366	0	0.579392577539689	2	NA	q21.1	143205289	145321921
R11d1xx1	1	145394877	161332164	526	15937287	0.00545	0.00593	0.46564	2	2	0	1	1	1	0	-0.102713099091939	0	NA	q21.1-q23.3	145394877	161332164
R11d1xx1	1	161332224	228404958	1937	67072734	0.00284	0.02497	0.51054	2	2	0	1	1	1	0	0.0300959035142827	0	NA	q23.3-q42.13	161332224	228404958
R11d1xx1	1	228407162	228461217	54	54055	0.01701	2e-05	0.76535	4	4	0	0.87	0.6109	0.98889	0	0.614191558525291	2	NA	q42.13	228407162	228461217
R11d1xx1	1	228461502	228475786	97	14284	0.01269	1e-05	0.50582	2	2	0	1	1	1	0	0.0166959870532359	0	NA	q42.13	228461502	228475786
R11d1xx1	1	228475839	228493062	62	17223	0.01588	1e-05	0.65533	3	3	0	1	1	1	0	0.390293482713645	1	NA	q42.13	228475839	228493062
R11d1xx1	1	228494098	228528395	123	34297	0.01127	1e-05	0.45185	2	2	0	0.29	0.08698	0.49863	0	-0.146084172184655	0	NA	q42.13	228494098	228528395
R11d1xx1	1	228528445	248832460	615	20304015	0.00504	0.00756	0.48639	2	2	0	1	1	1	0	-0.039814527081839	0	NA	q42.13-q44	228528445	248832460
R11d1xx1	2	86985	92106651	1342	92019666	0.00341	0.03425	0.50302	2	2	0	1	1	1	0	0.00868766762295659	0	NA	p25.3-p11.1	249337606	341357272
R11d1xx1	2	95400201	243025566	2770	147625365	0.00238	0.05495	0.5068	2	2	0	1	1	1	0	0.0194884295913602	0	NA	q11.1-q37.3	344650822	492276187
R11d1xx1	3	135374	47164205	799	47028831	0.00442	0.01751	0.349	1	1	0	1	1	1	0	-0.518701058452435	-1	Loss_3p25.3	p26.3-p21.31	492585368	539614199
R11d1xx1	3	47164254	55779140	337	8614886	0.00681	0.00321	0.32032	1	1	0	0.2	0.04226	0.37801	0	-0.642414215600818	-1	NA	p21.31-p14.3	539614248	548229134
R11d1xx1	3	55853892	86540218	403	30686326	0.00623	0.01142	0.35784	1	1	0	1	1	1	0	-0.482613431432213	-1	NA	p14.3-p12.1	548303886	578990212
R11d1xx1	3	86615013	90429560	52	3814547	0.01733	0.00142	0.48968	2	2	0	1	1	1	0	-0.0300888216302478	0	NA	p12.1-p11.1	579065007	582879554
R11d1xx1	3	93580592	121112874	527	27532282	0.00545	0.01025	0.50666	2	2	0	1	1	1	0	0.0190898399933311	0	NA	q11.1-q13.33	586030586	613562868
R11d1xx1	3	121186303	179626232	1028	58439929	0.0039	0.02175	0.49703	2	2	0	1	1	1	0	-0.00859516152029151	0	NA	q13.33-q26.33	613636297	672076226
R11d1xx1	3	179701071	197887091	241	18186020	0.00805	0.00677	0.51391	2	2	0	1	1	1	0	0.0395876304412348	0	NA	q26.33-q29	672151065	690337085
R11d1xx1	4	88952	49263653	642	49174701	0.00493	0.01831	0.50565	2	2	0	1	1	1	0	0.0162110331559172	0	NA	p16.3-p11	690561376	739736077
R11d1xx1	4	52735917	171378962	1961	118643045	0.00282	0.04416	0.48798	2	2	0	1	1	1	0	-0.0351060751567876	0	NA	q12-q33	743208341	861851386
R11d1xx1	4	171453969	190969597	621	19515628	0.00502	0.00726	0.5327	2	2	0	0.26	0.09493	0.42705	0	0.0913951860117	0	NA	q33-q35.2	861926393	881442021
R11d1xx1	5	85674	46330831	926	46245157	0.00411	0.01721	0.48163	2	2	0	1	1	1	0	-0.0540028367115715	0	NA	p15.33-p11	881712374	927957531
R11d1xx1	5	49630948	107837718	978	58206770	0.004	0.02167	0.48404	2	2	0	1	1	1	0	-0.0468018213190068	0	NA	q11.1-q21.3	931257648	989464418
R11d1xx1	5	107912839	180732369	1586	72819530	0.00314	0.02711	0.51153	2	2	0	1	1	1	0	0.0328907581468646	0	NA	q21.3-q35.3	989539539	1062359069
R11d1xx1	6	135324	28418742	376	28283418	0.00645	0.01053	0.49438	2	2	0	1	1	1	0	-0.0163077142754309	0	NA	p25.3-p22.1	1062677284	1090960702
R11d1xx1	6	28493565	32411507	39	3917942	0.02002	0.00146	0.28216	1	0.99989	1	0.47	0.19409	0.73021	0	-0.82541461401056	-1	NA	p22.1-p21.32	1091035525	1094953467
R11d1xx1	6	32411561	33096788	92	685227	0.01303	0.00026	0.37655	1	1	0	1	1	1	0	-0.409086649744092	-1	NA	p21.32	1094953521	1095638748
R11d1xx1	6	33472583	58539101	448	25066518	0.00591	0.00933	0.49213	2	2	0	1	1	1	0	-0.0228886297665762	0	NA	p21.32-p11.2	1096014543	1121081061
R11d1xx1	6	61942522	170982159	2585	109039637	0.00246	0.04059	0.48535	2	2	0	1	1	1	0	-0.0429026029362672	0	NA	q11.1-q27	1124484482	1233524119
R11d1xx1	7	121242	4839811	65	4718569	0.0155	0.00176	0.46153	2	2	0	1	1	1	0	-0.115503667071475	0	NA	p22.3-p22.1	1233778269	1238496838
R11d1xx1	7	4839871	4917362	54	77491	0.01701	3e-05	0.32983	1	1	0	1	1	1	0	-0.600205468450243	-1	NA	p22.1	1238496898	1238574389
R11d1xx1	7	4917408	57978903	1069	53061495	0.00382	0.01975	0.49837	2	2	0	1	1	1	0	-0.00471086872824209	0	NA	p22.1-p11.2	1238574435	1291635930
R11d1xx1	7	61118627	100480734	1351	39362107	0.0034	0.01465	0.47569	2	2	0	1	1	1	0	-0.0719063977392971	0	NA	q11.1-q22.1	1294775654	1334137761
R11d1xx1	7	100634701	100687060	251	52359	0.00789	2e-05	0.64613	3	3	0	1	1	1	0	0.369896366450849	1	NA	q22.1	1334291728	1334344087
R11d1xx1	7	100691270	107225801	157	6534531	0.00998	0.00243	0.50976	2	2	0	1	1	1	0	0.027890077088498	0	NA	q22.1-q22.3	1334348297	1340882828
R11d1xx1	7	107283226	107399607	23	116381	0.02606	4e-05	0.75539	4	4	0	0.8	0.4821	0.98146	0	0.595293590339093	2	NA	q22.3	1340940253	1341056634
R11d1xx1	7	107474642	135415236	511	27940594	0.00553	0.0104	0.47897	2	2	0	1	1	1	0	-0.0619927984387116	0	NA	q31.1-q33	1341131669	1369072263
R11d1xx1	7	135490021	159053835	879	23563814	0.00422	0.00877	0.50052	2	2	0	1	1	1	0	0.00149962317356996	0	NA	q33-q36.3	1369147048	1392710862
R11d1xx1	8	83607	43613060	612	43529453	0.00505	0.0162	0.34815	1	1	0	1	1	1	0	-0.522219071483811	-1	Loss_8p23.2	p23.3-p11.1	1392879297	1436408750
R11d1xx1	8	47064138	81430991	689	34366853	0.00476	0.01279	0.35072	1	1	0	1	1	1	0	-0.511608391476285	-1	NA	q11.1-q21.13	1439859828	1474226681
R11d1xx1	8	81505555	107151811	338	25646256	0.0068	0.00955	0.37548	1	1	0	1	1	1	0	-0.413192030474734	-1	NA	q21.13-q23.1	1474301245	1499947501
R11d1xx1	8	107226750	146230986	1501	39004236	0.00323	0.01452	0.49277	2	2	0	1	1	1	0	-0.0210136679305955	0	NA	q23.1-q24.3	1500022440	1539026676
R11d1xx1	9	86126	47238907	840	47152781	0.00431	0.01755	0.62929	3	3	0	1	1	1	0	0.331796922446506	1	NA	p24.3-p11.2	1539245838	1586398619
R11d1xx1	9	65543125	84775931	357	19232806	0.00662	0.00716	0.60743	3	3	1	0.78	0.59812	0.945	0	0.280790067787294	1	NA	q12-q21.32	1604702837	1623935643
R11d1xx1	9	84850851	141078492	1104	56227641	0.00376	0.02093	0.49555	2	2	0	1	1	1	0	-0.0128974650986136	0	NA	q21.32-q34.3	1624010563	1680238204
R11d1xx1	10	135526	38940611	769	38805085	0.00451	0.01445	0.47553	2	2	0	1	1	1	0	-0.0723917349036107	0	NA	p15.3-p11.1	1680508669	1719313754
R11d1xx1	10	42818106	135449405	1372	92631299	0.00337	0.03448	0.49803	2	2	0	1	1	1	0	-0.00569544587183967	0	NA	q11.21-q26.3	1723191249	1815822548
R11d1xx1	11	139197	1263613	144	1124416	0.01042	0.00042	0.52377	2	2	0	1	1	1	0	0.0670053338528788	0	NA	p15.5	1816047087	1817171503
R11d1xx1	11	1263662	1276077	157	12415	0.00998	0	0.81287	4	4	1	0.2	0.03564	0.39834	0	0.701096549723254	2	NA	p15.5	1817171552	1817183967
R11d1xx1	11	1276289	51342530	1057	50066241	0.00384	0.01864	0.49216	2	2	0	1	1	1	0	-0.0228006864749853	0	NA	p15.5-p11.12	1817184179	1867250420
R11d1xx1	11	54769677	134871978	2039	80102301	0.00277	0.02982	0.50551	2	2	0	1	1	1	0	0.0158115369198811	0	NA	q11-q25	1870677567	1950779868
R11d1xx1	12	77870	34780948	604	34703078	0.00509	0.01292	0.48237	2	2	0	1	1	1	0	-0.0517879102801275	0	NA	p13.33-p11.1	1950992276	1985695354
R11d1xx1	12	37933893	49422607	385	11488714	0.00637	0.00428	0.48572	2	2	0	1	1	1	0	-0.0418032029116328	0	NA	q11-q13.12	1988848299	2000337013
R11d1xx1	12	49422658	57532242	492	8109584	0.00564	0.00302	0.43727	2	2	1	0.39	0.21847	0.56094	0	-0.193403722768009	0	NA	q13.12-q13.3	2000337064	2008446648
R11d1xx1	12	57532302	108697573	1198	51165271	0.00361	0.01905	0.49868	2	2	0	1	1	1	0	-0.00381375127758872	0	NA	q13.3-q23.3	2008446708	2059611979
R11d1xx1	12	108772616	133767545	845	24994929	0.0043	0.0093	0.47993	2	2	0	1	1	1	0	-0.0591040974230146	0	NA	q23.3-q24.33	2059687022	2084681951
R11d1xx1	13	19095546	103382029	1123	84286483	0.00373	0.03138	0.49138	2	2	0	1	1	1	0	-0.0250889561291063	0	NA	q11-q33.1	2103861847	2188148330
R11d1xx1	13	103382078	115017146	567	11635068	0.00525	0.00433	0.5246	2	2	0	1	1	1	0	0.0692897127155347	0	NA	q33.1-q34	2188148379	2199783447
R11d1xx1	14	19075426	79348625	833	60273199	0.00433	0.02244	0.46439	2	2	0	1	1	1	0	-0.106591188803047	0	NA	q11.1-q31.1	2219011605	2279284804
R11d1xx1	14	79423565	107214193	428	27790628	0.00604	0.01035	0.52141	2	2	0	1	1	1	0	0.0604901573609871	0	NA	q31.1-q32.33	2279359744	2307150372
R11d1xx1	15	20074969	102445766	1377	82370797	0.00337	0.03066	0.49397	2	2	0	1	1	1	0	-0.0175046687969959	0	NA	q11.1-q26.3	2327360688	2409731485
R11d1xx1	16	133256	32005290	841	31872034	0.00431	0.01186	0.47943	2	2	0	1	1	1	0	-0.0606079074333498	0	NA	p13.3-p11.2	2409950367	2441822401
R11d1xx1	16	32080007	35205897	34	3125890	0.02144	0.00116	0.65948	3	3	0	1	1	1	0	0.399400812749672	1	NA	p11.2-p11.1	2441897118	2445023008
R11d1xx1	16	46611634	88500082	841	41888448	0.00431	0.01559	0.49223	2	2	0	1	1	1	0	-0.0225955063064901	0	NA	q11.2-q24.2	2456428745	2498317193
R11d1xx1	16	88500131	90219754	135	1719623	0.01076	0.00064	0.40271	1	1	1	0.63	0.42258	0.83432	0	-0.312186797494969	-1	NA	q24.2-q24.3	2498317242	2500036865
R11d1xx1	17	74406	22039232	648	21964826	0.00491	0.00818	0.46807	2	2	0	1	1	1	0	-0.095203793495253	0	NA	p13.3-p11.2	2500246270	2522211096
R11d1xx1	17	25487597	81122952	1373	55635355	0.00337	0.02071	0.46581	2	2	0	1	1	1	0	-0.102186483257113	0	NA	q11.1-q25.3	2525659461	2581294816
R11d1xx1	18	235617	15334305	411	15098688	0.00617	0.00562	0.48223	2	2	0	1	1	1	0	-0.0522066896853581	0	NA	p11.32-p11.21	2581602691	2596701379
R11d1xx1	18	18740493	77941934	774	59201441	0.00449	0.02204	0.4926	2	2	0	1	1	1	0	-0.0215114670504885	0	NA	q11.1-q23	2600107567	2659309008
R11d1xx1	19	132118	8987340	221	8855222	0.00841	0.0033	0.43721	2	2	1	0.4	0.20027	0.58006	0	-0.193601695740722	0	NA	p13.3-p13.2	2659576440	2668431662
R11d1xx1	19	8992984	9028403	187	35419	0.00914	1e-05	0.58878	3	3	1	0.65	0.45232	0.8421	0	0.235800571088279	1	NA	p13.2	2668437306	2668472725
R11d1xx1	19	9033214	11144888	911	2111674	0.00414	0.00079	0.51907	2	2	0	1	1	1	0	0.0540010137209661	0	NA	p13.2	2668477536	2670589210
R11d1xx1	19	11145638	24556146	354	13410508	0.00664	0.00499	0.44114	2	2	1	0.37	0.18485	0.54106	0	-0.180691513361668	0	NA	p13.2-p11	2670589960	2684000468
R11d1xx1	19	27956429	58893367	512	30936938	0.00552	0.01152	0.48096	2	2	0	1	1	1	0	-0.0560111805204472	0	NA	q11-q13.43	2687400751	2718337689
R11d1xx1	20	135987	26244187	345	26108200	0.00673	0.00972	0.491	2	2	0	1	1	1	0	-0.026205070347394	0	NA	p13-p11.1	2718709292	2744817492
R11d1xx1	20	29478403	62935280	532	33456877	0.00542	0.01245	0.50219	2	2	0	1	1	1	0	0.00630520593621172	0	NA	q11.21-q13.33	2748051708	2781508585
R11d1xx1	21	14413813	47895293	475	33481480	0.00574	0.01246	0.50365	2	2	0	1	1	1	0	0.0104934192484527	0	NA	q11.2-q22.3	2796012638	2829494118
R11d1xx1	22	16131356	51175001	505	35043645	0.00556	0.01304	0.49627	2	2	0	1	1	1	0	-0.0108028499226594	0	NA	q11.1-q13.33	2845860076	2880903721
