sample	Chromosome	Start.bp	End.bp	n_probes	length	seg_sigma	W	copy_ratio	modal_cn	expected_cn	subclonal	cancer_cell_frac	ccf_ci95_low	ccf_ci95_high	hz	logR	norm_modal_cn	driverSCNA	arm	gps_start	gps_end
R2d1tg1	1	93709	111181719	2041	111088010	0.00277	0.04136	0.48666	2	1.9999	0	1	1	1	0	-0.0390138946969932	0	NA	p36.33-p13.3	93709	111181719
R2d1tg1	1	111256640	121286065	121	10029425	0.01136	0.00373	0.53805	3	2.99082	0	1	1	1	0	0.105812151129231	1	NA	p13.3-p11.2	111256640	121286065
R2d1tg1	1	142633228	240371114	1561	97737886	0.00316	0.03639	0.49972	2	2	0	1	1	1	0	-0.000808135521969168	0	NA	q21.1-q43	142633228	240371114
R2d1tg1	1	240371163	240371803	14	640	0.03341	0	0.32531	0	3e-05	1	NA	0.01	1	1	-0.620112923511499	-2	NA	q43	240371163	240371803
R2d1tg1	1	240371852	249149416	161	8777564	0.00985	0.00327	0.49682	2	2	0	1	1	1	0	-0.00920484298750614	0	NA	q43-q44	240371852	249149416
R2d1tg1	2	86985	92106651	1426	92019666	0.00331	0.03426	0.55517	3	3	0	1	1	1	0	0.151001515498912	1	NA	p25.3-p11.1	249337606	341357272
R2d1tg1	2	95399733	243170925	2475	147771192	0.00251	0.05502	0.55903	3	3	0	1	1	1	0	0.160997611597715	1	Gain_2q14.3	q11.1-q37.3	344650354	492421546
R2d1tg1	3	136041	90429560	1610	90293519	0.00312	0.03362	0.42744	1	0.99977	0	1	1	1	0	-0.226206172614037	-1	Loss_3p25.3	p26.3-p11.1	492586035	582879554
R2d1tg1	3	93580643	181505180	1225	87924537	0.00357	0.03274	0.42946	1	0.99992	0	1	1	1	0	-0.219404330203509	-1	NA	q11.1-q26.33	586030637	673955174
R2d1tg1	3	181578743	195505339	406	13926596	0.0062	0.00519	0.39901	0	0.00142	0	1	1	1	1	-0.32550319112239	-2	NA	q26.33-q29	674028737	687955333
R2d1tg1	3	195505693	195515427	176	9734	0.00942	0	0.56656	3	3.00007	0	1	1	1	0	0.180300653954104	1	NA	q29	687955687	687965421
R2d1tg1	3	195515476	197886222	90	2370746	0.01318	0.00088	0.47576	2	1.92156	0	1	1	1	0	-0.0716941140606079	0	NA	q29	687965470	690336216
R2d1tg1	4	88952	49263653	747	49174701	0.00457	0.01831	0.49039	2	1.99998	0	1	1	1	0	-0.0279985348992564	0	NA	p16.3-p11	690561376	739736077
R2d1tg1	4	52735275	190818701	2233	138083426	0.00265	0.05141	0.49717	2	2	0	1	1	1	0	-0.00818885030110132	0	NA	q12-q35.2	743207699	881291125
R2d1tg1	5	85370	46330140	661	46244770	0.00486	0.01722	0.55733	3	3	0	1	1	1	0	0.156603718112979	1	NA	p15.33-p11	881712070	927956840
R2d1tg1	5	49481015	179548256	2076	130067241	0.00274	0.04843	0.56039	3	3	0	1	1	1	0	0.164503116628816	1	Gain_5q35.3	q11.1-q35.3	931107715	1061174956
R2d1tg1	5	179780131	180429789	29	649658	0.02321	0.00024	0.38247	0	0.0044	0	1	1	1	1	-0.386581504071887	-2	NA	q35.3	1061406831	1062056489
R2d1tg1	5	180430831	180847297	29	416466	0.02321	0.00016	0.5142	2	2.03859	0	1	1	1	0	0.0404015152842066	0	NA	q35.3	1062057531	1062473997
R2d1tg1	6	135217	28463545	538	28328328	0.00539	0.01055	0.44417	1	1	0	1	1	1	0	-0.170816140797662	-1	NA	p25.3-p22.1	1062677177	1091005505
R2d1tg1	6	28538652	33084961	44	4546309	0.01884	0.00169	0.19859	0	0	1	NA	0.01	1	1	-1.33213511710485	-2	NA	p22.1-p21.32	1091080612	1095626921
R2d1tg1	6	33430547	53194721	426	19764174	0.00606	0.00736	0.41174	0	0.48611	0	1	1	1	1	-0.280194483492144	-2	NA	p21.32-p12.1	1095972507	1115736681
R2d1tg1	6	53269988	58539101	66	5269113	0.01539	0.00196	0.46564	1	1.22549	0	1	1	1	0	-0.102713099091939	-1	NA	p12.1-p11.2	1115811948	1121081061
R2d1tg1	6	61942522	170982159	1591	109039637	0.00313	0.0406	0.43697	1	1	0	1	1	1	0	-0.194393859410705	-1	Loss_6q22.33	q11.1-q27	1124484482	1233524119
R2d1tg1	7	121242	57980673	960	57859431	0.00403	0.02154	0.55733	3	3	0	1	1	1	0	0.156603718112979	1	NA	p22.3-p11.2	1233778269	1291637700
R2d1tg1	7	61118627	65342013	48	4223386	0.01804	0.00157	0.63477	4	4.25503	0	1	1	1	0	0.344305851379678	2	NA	q11.1-q11.21	1294775654	1298999040
R2d1tg1	7	65416998	82787901	225	17370903	0.00833	0.00647	0.52348	2	2.16961	0	1	1	1	0	0.0662063239267829	0	NA	q11.21-q21.11	1299074025	1316444928
R2d1tg1	7	82862870	159053835	1596	76190965	0.00313	0.02837	0.56323	3	3	0	1	1	1	0	0.171796085143505	1	Gain_7q22.3	q21.11-q36.3	1316519897	1392710862
R2d1tg1	8	85136	43616065	729	43530929	0.00463	0.01621	0.48552	2	1.99975	0	1	1	1	0	-0.0423973691573726	0	NA	p23.3-p11.1	1392880826	1436411755
R2d1tg1	8	47064138	146230986	1584	99166848	0.00314	0.03692	0.49841	2	2	0	1	1	1	0	-0.00459508028612529	0	NA	q11.1-q24.3	1439859828	1539026676
R2d1tg1	9	85600	38987288	526	38901688	0.00545	0.01448	0.43998	1	1	0	1	1	1	0	-0.184490149675173	-1	Loss_9p21.3	p24.3-p13.1	1539245312	1578147000
R2d1tg1	9	39062387	41640761	21	2578374	0.02728	0.00096	0.3178	0	0	1	NA	0.01	1	1	-0.65380897020093	-2	NA	p13.1-p12	1578222099	1580800473
R2d1tg1	9	41715583	47238907	51	5523324	0.0175	0.00206	0.40525	0	0.26777	0	1	1	1	1	-0.303115909144546	-2	NA	p12-p11.2	1580875295	1586398619
R2d1tg1	9	65543125	141078492	1016	75535367	0.00392	0.02812	0.43335	1	0.99999	0	1	1	1	0	-0.206395390263678	-1	NA	q12-q34.3	1604702837	1680238204
R2d1tg1	10	134766	38940611	807	38805845	0.0044	0.01445	0.48508	2	1.9997	0	1	1	1	0	-0.0437053968958339	0	NA	p15.3-p11.1	1680507909	1719313754
R2d1tg1	10	42840919	135449405	1536	92608486	0.00319	0.03448	0.483	2	1.9992	0	1	1	1	0	-0.0499049058263139	0	NA	q11.21-q26.3	1723214062	1815822548
R2d1tg1	11	139197	51342529	944	51203332	0.00407	0.01906	0.49175	2	1.99999	0	1	1	1	0	-0.0240030423835568	0	NA	p15.5-p11.12	1816047087	1867250419
R2d1tg1	11	54918731	62284354	144	7365623	0.01042	0.00274	0.51545	2	2.0065	0	1	1	1	0	0.0439043942956211	0	NA	q11-q12.3	1870826621	1878192244
R2d1tg1	11	62284403	62299811	310	15408	0.0071	1e-05	0.60605	4	3.99993	0	1	1	1	0	0.277508728144778	2	NA	q12.3	1878192293	1878207701
R2d1tg1	11	62299860	134870991	1234	72571131	0.00356	0.02702	0.50341	2	2	0	1	1	1	0	0.00980578034636461	0	NA	q12.3-q25	1878207750	1950778881
R2d1tg1	12	77870	34332077	472	34254207	0.00575	0.01275	0.49466	2	2	0	1	1	1	0	-0.0154908522228529	0	NA	p13.33-p11.1	1950992276	1985246483
R2d1tg1	12	37933893	133767545	2098	95833652	0.00273	0.03568	0.48957	2	1.99998	0	1	1	1	0	-0.0304129399966818	0	NA	q11-q24.33	1988848299	2084681951
R2d1tg1	13	19095534	44156848	318	25061314	0.00701	0.00933	0.5238	2	2.18601	0	1	1	1	0	0.067087964801147	0	NA	q11-q14.11	2103861835	2128923149
R2d1tg1	13	44231881	115017146	973	70785265	0.00401	0.02635	0.49179	2	1.99999	0	1	1	1	0	-0.0238856952463435	0	NA	q14.11-q34	2128998182	2199783447
R2d1tg1	14	19903562	107216558	1998	87312996	0.0028	0.03251	0.4297	1	0.99994	0	1	1	1	0	-0.218598317775511	-1	Loss_14q31.1	q11.2-q32.33	2219839741	2307152737
R2d1tg1	15	20074969	25001546	37	4926577	0.02055	0.00183	0.60082	4	3.89521	0	1	1	1	0	0.265004742965772	2	NA	q11.1-q11.2	2327360688	2332287265
R2d1tg1	15	25303901	102445742	1411	77141841	0.00333	0.02872	0.49462	2	2	0	1	1	1	0	-0.0156075184885552	0	NA	q11.2-q26.3	2332589620	2409731461
R2d1tg1	16	133256	31848918	579	31715662	0.00519	0.01181	0.4823	2	1.9985	0	1	1	1	0	-0.0519972847875539	0	NA	p13.3-p11.2	2409950367	2441666029
R2d1tg1	16	31923873	35205897	11	3282024	0.03769	0.00122	0.61438	4	3.69061	0	1	1	1	0	0.297203157678127	2	NA	p11.2-p11.1	2441740984	2445023008
R2d1tg1	16	46611314	58462043	156	11850729	0.01001	0.00441	0.53067	3	2.84511	0	1	1	1	0	0.0858868972867236	1	NA	q11.2-q21	2456428425	2468279154
R2d1tg1	16	58537047	90216989	409	31679942	0.00618	0.0118	0.46853	1	1.33017	0	1	1	1	0	-0.0937866682076824	-1	NA	q21-q24.3	2468354158	2500034100
R2d1tg1	17	74406	20736798	479	20662392	0.00571	0.00769	0.48364	2	1.99919	0	1	1	1	0	-0.047994525620477	0	NA	p13.3-p11.2	2500246270	2520908662
R2d1tg1	17	20812189	22039232	15	1227043	0.03227	0.00046	0.6746	5	5.02006	0	1	1	1	0	0.432104223468677	3	NA	p11.2	2520984053	2522211096
R2d1tg1	17	25337761	81122952	1302	55785191	0.00346	0.02077	0.49059	2	1.99999	0	1	1	1	0	-0.0274102680392273	0	NA	q11.1-q25.3	2525509625	2581294816
R2d1tg1	18	85256	15335642	190	15250386	0.00907	0.00568	0.56601	3	3.00005	0	1	1	1	0	0.178899447256304	1	NA	p11.32-p11.21	2581452330	2596702716
R2d1tg1	18	18736044	53932338	456	35196294	0.00585	0.0131	0.57515	3	3.00253	0	1	1	1	0	0.202010167316432	1	NA	q11.1-q21.31	2600103118	2635299412
R2d1tg1	18	54007237	77941934	297	23934697	0.00725	0.00891	0.53626	3	2.99099	0	1	1	1	0	0.101004550878002	1	NA	q21.31-q23	2635374311	2659309008
R2d1tg1	19	132118	8399817	213	8267699	0.00856	0.00308	0.53846	3	2.99595	0	1	1	1	0	0.106911081924792	1	NA	p13.3-p13.2	2659576440	2667844139
R2d1tg1	19	8399866	8400740	17	874	0.03032	0	0.33075	0	1e-05	1	NA	0.01	1	1	-0.59618693838341	-2	NA	p13.2	2667844188	2667845062
R2d1tg1	19	8402653	23053417	373	14650764	0.00647	0.00545	0.53704	3	2.99466	0	1	1	1	0	0.103101452638923	1	NA	p13.2-p12	2667846975	2682497739
R2d1tg1	19	23128553	24556146	20	1427593	0.02795	0.00053	0.69289	5	5.34327	0	0.58	0.05325	0.9686	0	0.470698240085823	3	NA	p12-p11	2682572875	2684000468
R2d1tg1	19	28189663	37512302	202	9322639	0.00879	0.00347	0.57598	3	3.00474	0	1	1	1	0	0.204090622332716	1	NA	q11-q13.12	2687633985	2696956624
R2d1tg1	19	37586597	41081396	657	3494799	0.00488	0.0013	0.49421	2	2	0	1	1	1	0	-0.0168038919817978	0	NA	q13.12-q13.2	2697030919	2700525718
R2d1tg1	19	41081443	51169984	153	10088541	0.01011	0.00376	0.54908	3	2.99995	0	1	1	1	0	0.135088267812941	1	NA	q13.2-q13.33	2700525765	2710614306
R2d1tg1	19	51170035	51172503	36	2468	0.02083	0	0.35075	0	0	0	NA	0.01	1	1	-0.511484991042188	-2	NA	q13.33	2710614357	2710616825
R2d1tg1	19	51175268	59043631	244	7868363	0.008	0.00293	0.52413	2	2.21654	0	1	1	1	0	0.067996593009578	0	NA	q13.33-q13.43	2710619590	2718487953
R2d1tg1	20	135524	26244045	337	26108521	0.00681	0.00972	0.57726	3	3.00783	0	1	1	1	0	0.207293165447147	1	NA	p13-p11.1	2718708829	2744817350
R2d1tg1	20	29879292	62935280	520	33055988	0.00548	0.01231	0.55206	3	3	0	1	1	1	0	0.14289697827252	1	Gain_20q13.33	q11.21-q13.33	2748452597	2781508585
R2d1tg1	21	14413541	48044695	438	33631154	0.00597	0.01252	0.42854	1	0.99981	0	1	1	1	0	-0.222498222852216	-1	NA	q11.2-q22.3	2796012366	2829643520
R2d1tg1	22	16131356	51175001	506	35043645	0.00556	0.01305	0.55156	3	3	0	1	1	1	0	0.141589739241334	1	NA	q11.1-q13.33	2845860076	2880903721
R3d1tg1	1	93709	111181719	2041	111088010	0.00277	0.04136	0.47973	2	2	0	1	1	1	0	-0.0597054333385582	0	NA	p36.33-p13.3	93709	111181719
R3d1tg1	1	111256640	121286065	121	10029425	0.01136	0.00373	0.52829	2	2	0	1	1	1	0	0.0794020064907974	0	NA	p13.3-p11.2	111256640	121286065
R3d1tg1	1	142633228	240371114	1561	97737886	0.00316	0.03639	0.50118	2	2	0	1	1	1	0	0.00340074898923177	0	NA	q21.1-q43	142633228	240371114
R3d1tg1	1	240371163	240371803	14	640	0.03341	0	0.32322	1	0.96532	0	0.56	0.11857	0.93776	0	-0.62941162387656	-1	NA	q43	240371163	240371803
R3d1tg1	1	240371852	249149416	161	8777564	0.00985	0.00327	0.48596	2	2	0	1	1	1	0	-0.0410905262755912	0	NA	q43-q44	240371852	249149416
R3d1tg1	2	86985	92106651	1426	92019666	0.00331	0.03426	0.59716	3	3	0	1	1	1	0	0.256189436736575	1	NA	p25.3-p11.1	249337606	341357272
R3d1tg1	2	95399733	243170925	2475	147771192	0.00251	0.05502	0.60466	3	3	0	1	1	1	0	0.274196048827814	1	Gain_2q14.3	q11.1-q37.3	344650354	492421546
R3d1tg1	3	136041	90429560	1610	90293519	0.00312	0.03362	0.38582	1	1	0	1	1	1	0	-0.374000163649268	-1	Loss_3p25.3	p26.3-p11.1	492586035	582879554
R3d1tg1	3	93580643	181505180	1225	87924537	0.00357	0.03274	0.39015	1	1	0	1	1	1	0	-0.357899194885302	-1	NA	q11.1-q26.33	586030637	673955174
R3d1tg1	3	181578743	195505339	406	13926596	0.0062	0.00519	0.35665	1	1	0	1	1	1	0	-0.487419121326031	-1	NA	q26.33-q29	674028737	687955333
R3d1tg1	3	195505693	195515427	176	9734	0.00942	0	0.52581	2	2	0	1	1	1	0	0.0726134849027922	0	NA	q29	687955687	687965421
R3d1tg1	3	195515476	197886222	90	2370746	0.01318	0.00088	0.41824	1	1	0	1	1	1	0	-0.257597048641379	-1	NA	q29	687965470	690336216
R3d1tg1	4	88952	49263653	747	49174701	0.00457	0.01831	0.4938	2	2	0	1	1	1	0	-0.0180012584066675	0	NA	p16.3-p11	690561376	739736077
R3d1tg1	4	52735275	190818701	2233	138083426	0.00265	0.05141	0.48846	2	2	0	1	1	1	0	-0.0336876701848331	0	NA	q12-q35.2	743207699	881291125
R3d1tg1	5	85370	46330140	661	46244770	0.00486	0.01722	0.59932	3	3	0	1	1	1	0	0.261398424222663	1	NA	p15.33-p11	881712070	927956840
R3d1tg1	5	49481015	179548256	2076	130067241	0.00274	0.04843	0.60244	3	3	0	1	1	1	0	0.268889468425584	1	Gain_5q35.3	q11.1-q35.3	931107715	1061174956
R3d1tg1	5	179780131	180429789	29	649658	0.02321	0.00024	0.40607	1	1	0	1	1	1	0	-0.300199648393304	-1	NA	q35.3	1061406831	1062056489
R3d1tg1	5	180430831	180847297	29	416466	0.02321	0.00016	0.54889	2	2.42748	0	0.5	0.13367	0.86808	0	0.13458896079999	0	NA	q35.3	1062057531	1062473997
R3d1tg1	6	135217	28463545	538	28328328	0.00539	0.01055	0.38829	1	1	0	1	1	1	0	-0.364793542253856	-1	NA	p25.3-p22.1	1062677177	1091005505
R3d1tg1	6	28538652	33084961	44	4546309	0.01884	0.00169	0.13283	0	0	1	NA	0.01	1	1	-1.91234707498481	-2	NA	p22.1-p21.32	1091080612	1095626921
R3d1tg1	6	33430547	53194721	426	19764174	0.00606	0.00736	0.36824	1	1	0	1	1	1	0	-0.441281747212925	-1	NA	p21.32-p12.1	1095972507	1115736681
R3d1tg1	6	53269988	58539101	66	5269113	0.01539	0.00196	0.42638	1	1.0003	0	0.62	0.29645	0.90672	0	-0.229788327000229	-1	NA	p12.1-p11.2	1115811948	1121081061
R3d1tg1	6	61942522	170982159	1591	109039637	0.00313	0.0406	0.38563	1	1	0	1	1	1	0	-0.374710804814117	-1	Loss_6q22.33	q11.1-q27	1124484482	1233524119
R3d1tg1	7	121242	57980673	960	57859431	0.00403	0.02154	0.60157	3	3	0	1	1	1	0	0.26680452743004	1	NA	p22.3-p11.2	1233778269	1291637700
R3d1tg1	7	61118627	65342013	48	4223386	0.01804	0.00157	0.63384	3	3	0	1	1	1	0	0.342190612451437	1	NA	q11.1-q11.21	1294775654	1298999040
R3d1tg1	7	65416998	82787901	225	17370903	0.00833	0.00647	0.54829	2	2.34736	1	0.5	0.24338	0.74482	0	0.133011066360023	0	NA	q11.21-q21.11	1299074025	1316444928
R3d1tg1	7	82862870	159053835	1596	76190965	0.00313	0.02837	0.60663	3	3	0	1	1	1	0	0.27888875121355	1	Gain_7q22.3	q21.11-q36.3	1316519897	1392710862
R3d1tg1	8	85136	43616065	729	43530929	0.00463	0.01621	0.48126	2	2	0	1	1	1	0	-0.0551115764251454	0	NA	p23.3-p11.1	1392880826	1436411755
R3d1tg1	8	47064138	146230986	1584	99166848	0.00314	0.03692	0.49476	2	2	0	1	1	1	0	-0.0151992278275908	0	NA	q11.1-q24.3	1439859828	1539026676
R3d1tg1	9	85600	38987288	526	38901688	0.00545	0.01448	0.38196	1	1	0	1	1	1	0	-0.388506532079734	-1	Loss_9p21.3	p24.3-p13.1	1539245312	1578147000
R3d1tg1	9	39062387	41640761	21	2578374	0.02728	0.00096	0.27799	0	0	0	0.97	0.4962	1	1	-0.846895108377042	-2	NA	p13.1-p12	1578222099	1580800473
R3d1tg1	9	41715583	47238907	51	5523324	0.0175	0.00206	0.35262	1	1	0	1	1	1	0	-0.503813790726912	-1	NA	p12-p11.2	1580875295	1586398619
R3d1tg1	9	65543125	141078492	1016	75535367	0.00392	0.02812	0.37395	1	1	0	1	1	1	0	-0.419082711336793	-1	NA	q12-q34.3	1604702837	1680238204
R3d1tg1	10	134766	38940611	807	38805845	0.0044	0.01445	0.48364	2	2	0	1	1	1	0	-0.047994525620477	0	NA	p15.3-p11.1	1680507909	1719313754
R3d1tg1	10	42840919	135449405	1536	92608486	0.00319	0.03448	0.47609	2	2	0	1	1	1	0	-0.0706937686646567	0	NA	q11.21-q26.3	1723214062	1815822548
R3d1tg1	11	139197	51342529	944	51203332	0.00407	0.01906	0.48663	2	2	0	1	1	1	0	-0.0391028319125001	0	NA	p15.5-p11.12	1816047087	1867250419
R3d1tg1	11	54918731	62284354	144	7365623	0.01042	0.00274	0.50796	2	2	0	1	1	1	0	0.0227867996027647	0	NA	q11-q12.3	1870826621	1878192244
R3d1tg1	11	62284403	62299811	310	15408	0.0071	1e-05	0.59704	3	3	0	1	1	1	0	0.255899496348886	1	NA	q12.3	1878192293	1878207701
R3d1tg1	11	62299860	134870991	1234	72571131	0.00356	0.02702	0.50376	2	2	0	1	1	1	0	0.0108084775764987	0	NA	q12.3-q25	1878207750	1950778881
R3d1tg1	12	77870	34332077	472	34254207	0.00575	0.01275	0.48731	2	2	0	1	1	1	0	-0.0370882667704696	0	NA	p13.33-p11.1	1950992276	1985246483
R3d1tg1	12	37933893	133767545	2098	95833652	0.00273	0.03568	0.48528	2	2	0	1	1	1	0	-0.0431106918126409	0	NA	q11-q24.33	1988848299	2084681951
R3d1tg1	13	19095534	44156848	318	25061314	0.00701	0.00933	0.52668	2	2	0	1	1	1	0	0.0749985811439876	0	NA	q11-q14.11	2103861835	2128923149
R3d1tg1	13	44231881	115017146	973	70785265	0.00401	0.02635	0.49339	2	2	0	1	1	1	0	-0.0191996194127033	0	NA	q14.11-q34	2128998182	2199783447
R3d1tg1	14	19903562	107216558	1998	87312996	0.0028	0.03251	0.38154	1	1	0	1	1	1	0	-0.390093780221957	-1	Loss_14q31.1	q11.2-q32.33	2219839741	2307152737
R3d1tg1	15	20074969	25001546	37	4926577	0.02055	0.00183	0.63086	3	3	0	1	1	1	0	0.335391783988613	1	NA	q11.1-q11.2	2327360688	2332287265
R3d1tg1	15	25303901	102445742	1411	77141841	0.00333	0.02872	0.496	2	2	0	1	1	1	0	-0.0115879742752118	0	NA	q11.2-q26.3	2332589620	2409731461
R3d1tg1	16	133256	31848918	579	31715662	0.00519	0.01181	0.47857	2	2	0	1	1	1	0	-0.0631981330459826	0	NA	p13.3-p11.2	2409950367	2441666029
R3d1tg1	16	31923873	35205897	11	3282024	0.03769	0.00122	0.63468	3	3.00004	0	1	1	1	0	0.344101286325682	1	NA	p11.2-p11.1	2441740984	2445023008
R3d1tg1	16	46611314	58462043	156	11850729	0.01001	0.00441	0.51288	2	2	0	1	1	1	0	0.0366932189441555	0	NA	q11.2-q21	2456428425	2468279154
R3d1tg1	16	58537047	90216989	409	31679942	0.00618	0.0118	0.46552	2	2	0	1	1	1	0	-0.103084943685489	0	NA	q21-q24.3	2468354158	2500034100
R3d1tg1	17	74406	20736798	479	20662392	0.00571	0.00769	0.46726	2	2	0	1	1	1	0	-0.0977025549489684	0	NA	p13.3-p11.2	2500246270	2520908662
R3d1tg1	17	20812189	22039232	15	1227043	0.03227	0.00046	0.64941	3	3.00092	0	1	1	1	0	0.377201505380819	1	NA	p11.2	2520984053	2522211096
R3d1tg1	17	25337761	81122952	1302	55785191	0.00346	0.02077	0.4785	2	2	0	1	1	1	0	-0.0634091701760615	0	NA	q11.1-q25.3	2525509625	2581294816
R3d1tg1	18	85256	15335642	190	15250386	0.00907	0.00568	0.63415	3	3	0	1	1	1	0	0.34289603673962	1	NA	p11.32-p11.21	2581452330	2596702716
R3d1tg1	18	18736044	53932338	456	35196294	0.00585	0.0131	0.62365	3	3	0	1	1	1	0	0.318808503225839	1	NA	q11.1-q21.31	2600103118	2635299412
R3d1tg1	18	54007237	77941934	297	23934697	0.00725	0.00891	0.57658	3	3	0	1	1	1	0	0.205592699626269	1	NA	q21.31-q23	2635374311	2659309008
R3d1tg1	19	132118	8399817	213	8267699	0.00856	0.00308	0.57161	3	3	0	1	1	1	0	0.193103060916928	1	NA	p13.3-p13.2	2659576440	2667844139
R3d1tg1	19	8399866	8400740	17	874	0.03032	0	0.34125	1	0.99989	0	1	1	1	0	-0.551099048854872	-1	NA	p13.2	2667844188	2667845062
R3d1tg1	19	8402653	23053417	373	14650764	0.00647	0.00545	0.57212	3	3	0	1	1	1	0	0.194389683668135	1	NA	p13.2-p12	2667846975	2682497739
R3d1tg1	19	23128553	24556146	20	1427593	0.02795	0.00053	0.73174	4	4	0	0.18	0.02351	0.62154	0	0.549403029929802	2	NA	p12-p11	2682572875	2684000468
R3d1tg1	19	28189663	37512302	202	9322639	0.00879	0.00347	0.61947	3	3	0	1	1	1	0	0.309106321620205	1	NA	q11-q13.12	2687633985	2696956624
R3d1tg1	19	37586597	41081396	657	3494799	0.00488	0.0013	0.52752	2	2	0	1	1	1	0	0.0772976972335755	0	NA	q13.12-q13.2	2697030919	2700525718
R3d1tg1	19	41081443	51169984	153	10088541	0.01011	0.00376	0.59824	3	3	0	1	1	1	0	0.258796281421357	1	NA	q13.2-q13.33	2700525765	2710614306
R3d1tg1	19	51170035	51172503	36	2468	0.02083	0	0.36956	1	1	0	1	1	1	0	-0.436119482409846	-1	NA	q13.33	2710614357	2710616825
R3d1tg1	19	51175268	59043631	244	7868363	0.008	0.00293	0.57014	3	3	0	1	1	1	0	0.189388127031341	1	NA	q13.33-q13.43	2710619590	2718487953
R3d1tg1	20	135524	26244045	337	26108521	0.00681	0.00972	0.62455	3	3	0	1	1	1	0	0.320888980331776	1	NA	p13-p11.1	2718708829	2744817350
R3d1tg1	20	29879292	62935280	520	33055988	0.00548	0.01231	0.5863	3	3	0	1	1	1	0	0.229710961847024	1	Gain_20q13.33	q11.21-q13.33	2748452597	2781508585
R3d1tg1	21	14413541	48044695	438	33631154	0.00597	0.01252	0.38223	1	1	0	1	1	1	0	-0.387487079647097	-1	NA	q11.2-q22.3	2796012366	2829643520
R3d1tg1	22	16131356	51175001	506	35043645	0.00556	0.01305	0.58556	3	3	0	1	1	1	0	0.22788891062561	1	NA	q11.1-q13.33	2845860076	2880903721
R1d1tg1	1	93709	111181719	2041	111088010	0.00277	0.04136	0.47937	2	2	0	1	1	1	0	-0.0607884700169258	0	NA	p36.33-p13.3	93709	111181719
R1d1tg1	1	111256640	121286065	121	10029425	0.01136	0.00373	0.54488	3	2.96755	1	0.55	0.24609	0.83847	0	0.124010442401904	1	NA	p13.3-p11.2	111256640	121286065
R1d1tg1	1	142633228	240371114	1561	97737886	0.00316	0.03639	0.50094	2	2	0	1	1	1	0	0.00270972033710816	0	NA	q21.1-q43	142633228	240371114
R1d1tg1	1	240371163	240371803	14	640	0.03341	0	0.38697	1	1	0	1	1	1	0	-0.369706369677537	-1	NA	q43	240371163	240371803
R1d1tg1	1	240371852	249149416	161	8777564	0.00985	0.00327	0.49322	2	2	0	1	1	1	0	-0.0196967928842439	0	NA	q43-q44	240371852	249149416
R1d1tg1	2	86985	92106651	1426	92019666	0.00331	0.03426	0.5923	3	3	0	1	1	1	0	0.244399991245549	1	NA	p25.3-p11.1	249337606	341357272
R1d1tg1	2	95399733	243170925	2475	147771192	0.00251	0.05502	0.59394	3	3	0	1	1	1	0	0.248389102006438	1	Gain_2q14.3	q11.1-q37.3	344650354	492421546
R1d1tg1	3	136041	90429560	1610	90293519	0.00312	0.03362	0.39265	1	1	0	1	1	1	0	-0.348684197786196	-1	Loss_3p25.3	p26.3-p11.1	492586035	582879554
R1d1tg1	3	93580643	181505180	1225	87924537	0.00357	0.03274	0.4009	1	1	0	1	1	1	0	-0.318685677398679	-1	NA	q11.1-q26.33	586030637	673955174
R1d1tg1	3	181578743	195505339	406	13926596	0.0062	0.00519	0.37299	1	1	0	1	1	1	0	-0.422791143076563	-1	NA	q26.33-q29	674028737	687955333
R1d1tg1	3	195505693	195515427	176	9734	0.00942	0	0.49431	2	2	0	1	1	1	0	-0.0165120020765231	0	NA	q29	687955687	687965421
R1d1tg1	3	195515476	197886222	90	2370746	0.01318	0.00088	0.41131	1	1	0	1	1	1	0	-0.281701947009609	-1	NA	q29	687965470	690336216
R1d1tg1	4	88952	49263653	747	49174701	0.00457	0.01831	0.4811	2	2	0	1	1	1	0	-0.0555912954672276	0	NA	p16.3-p11	690561376	739736077
R1d1tg1	4	52735275	190818701	2233	138083426	0.00265	0.05141	0.4909	2	2	0	1	1	1	0	-0.0264989281834011	0	NA	q12-q35.2	743207699	881291125
R1d1tg1	5	85370	46330140	661	46244770	0.00486	0.01722	0.58874	3	3	0	1	1	1	0	0.235702555255584	1	NA	p15.33-p11	881712070	927956840
R1d1tg1	5	49481015	179548256	2076	130067241	0.00274	0.04843	0.59518	3	3	0	1	1	1	0	0.251397953088143	1	Gain_5q35.3	q11.1-q35.3	931107715	1061174956
R1d1tg1	5	179780131	180429789	29	649658	0.02321	0.00024	0.40725	1	1	0	1	1	1	0	-0.296013396136569	-1	NA	q35.3	1061406831	1062056489
R1d1tg1	5	180430831	180847297	29	416466	0.02321	0.00016	0.56008	3	2.99977	0	1	1	1	0	0.163704816854459	1	NA	q35.3	1062057531	1062473997
R1d1tg1	6	135217	28463545	538	28328328	0.00539	0.01055	0.39235	1	1	0	1	1	1	0	-0.349786894686419	-1	NA	p25.3-p22.1	1062677177	1091005505
R1d1tg1	6	28538652	33084961	44	4546309	0.01884	0.00169	0.19338	0	0	1	NA	0.01	1	1	-1.37048950065611	-2	NA	p22.1-p21.32	1091080612	1095626921
R1d1tg1	6	33430547	53194721	426	19764174	0.00606	0.00736	0.38526	1	1	0	1	1	1	0	-0.37609569035192	-1	NA	p21.32-p12.1	1095972507	1115736681
R1d1tg1	6	53269988	58539101	66	5269113	0.01539	0.00196	0.44264	2	1.97904	0	0.45	0.12617	0.78423	0	-0.175794265993987	0	NA	p12.1-p11.2	1115811948	1121081061
R1d1tg1	6	61942522	170982159	1591	109039637	0.00313	0.0406	0.39289	1	1	0	1	1	1	0	-0.347802646698825	-1	Loss_6q22.33	q11.1-q27	1124484482	1233524119
R1d1tg1	7	121242	57980673	960	57859431	0.00403	0.02154	0.59234	3	3	0	1	1	1	0	0.244497417977143	1	NA	p22.3-p11.2	1233778269	1291637700
R1d1tg1	7	61118627	65342013	48	4223386	0.01804	0.00157	0.68085	4	4	0	1	1	1	0	0.4454088941096	2	NA	q11.1-q11.21	1294775654	1298999040
R1d1tg1	7	65416998	82787901	225	17370903	0.00833	0.00647	0.53928	2	2.24904	1	0.49	0.2205	0.75759	0	0.109106435464252	0	NA	q11.21-q21.11	1299074025	1316444928
R1d1tg1	7	82862870	159053835	1596	76190965	0.00313	0.02837	0.60303	3	3	0	1	1	1	0	0.270301681325268	1	Gain_7q22.3	q21.11-q36.3	1316519897	1392710862
R1d1tg1	8	85136	43616065	729	43530929	0.00463	0.01621	0.46953	2	2	0	1	1	1	0	-0.090710754966756	0	NA	p23.3-p11.1	1392880826	1436411755
R1d1tg1	8	47064138	146230986	1584	99166848	0.00314	0.03692	0.49373	2	2	0	1	1	1	0	-0.0182057861739888	0	NA	q11.1-q24.3	1439859828	1539026676
R1d1tg1	9	85600	38987288	526	38901688	0.00545	0.01448	0.38014	1	1	0	1	1	1	0	-0.395397254992943	-1	Loss_9p21.3	p24.3-p13.1	1539245312	1578147000
R1d1tg1	9	39062387	41640761	21	2578374	0.02728	0.00096	0.32671	1	0.88517	1	0.59	0.15343	0.9439	0	-0.613917481159396	-1	NA	p13.1-p12	1578222099	1580800473
R1d1tg1	9	41715583	47238907	51	5523324	0.0175	0.00206	0.43428	1	1.19958	1	0.54	0.17979	0.87408	0	-0.203302581343117	-1	NA	p12-p11.2	1580875295	1586398619
R1d1tg1	9	65543125	141078492	1016	75535367	0.00392	0.02812	0.38268	1	1	0	1	1	1	0	-0.385789591463395	-1	NA	q12-q34.3	1604702837	1680238204
R1d1tg1	10	134766	38940611	807	38805845	0.0044	0.01445	0.4936	2	2	0	1	1	1	0	-0.0185857004000316	0	NA	p15.3-p11.1	1680507909	1719313754
R1d1tg1	10	42840919	135449405	1536	92608486	0.00319	0.03448	0.48003	2	2	0	1	1	1	0	-0.0588035234311593	0	NA	q11.21-q26.3	1723214062	1815822548
R1d1tg1	11	139197	51342529	944	51203332	0.00407	0.01906	0.48602	2	2	0	1	1	1	0	-0.0409124121115892	0	NA	p15.5-p11.12	1816047087	1867250419
R1d1tg1	11	54918731	62284354	144	7365623	0.01042	0.00274	0.51334	2	2	0	1	1	1	0	0.0379865863765896	0	NA	q11-q12.3	1870826621	1878192244
R1d1tg1	11	62284403	62299811	310	15408	0.0071	1e-05	0.54077	3	2.56741	1	0.51	0.24654	0.76035	0	0.113087023353041	1	NA	q12.3	1878192293	1878207701
R1d1tg1	11	62299860	134870991	1234	72571131	0.00356	0.02702	0.50128	2	2	0	1	1	1	0	0.00368857993424189	0	NA	q12.3-q25	1878207750	1950778881
R1d1tg1	12	77870	34332077	472	34254207	0.00575	0.01275	0.48532	2	2	0	1	1	1	0	-0.042991780208132	0	NA	p13.33-p11.1	1950992276	1985246483
R1d1tg1	12	37933893	133767545	2098	95833652	0.00273	0.03568	0.48815	2	2	0	1	1	1	0	-0.0346035638940855	0	NA	q11-q24.33	1988848299	2084681951
R1d1tg1	13	19095534	44156848	318	25061314	0.00701	0.00933	0.52657	2	2	0	0.37	0.11486	0.62055	0	0.0746972349202518	0	NA	q11-q14.11	2103861835	2128923149
R1d1tg1	13	44231881	115017146	973	70785265	0.00401	0.02635	0.48829	2	2	0	1	1	1	0	-0.0341898624744212	0	NA	q14.11-q34	2128998182	2199783447
R1d1tg1	14	19903562	107216558	1998	87312996	0.0028	0.03251	0.38869	1	1	0	1	1	1	0	-0.3633081035879	-1	Loss_14q31.1	q11.2-q32.33	2219839741	2307152737
R1d1tg1	15	20074969	25001546	37	4926577	0.02055	0.00183	0.65697	4	3.98306	1	0.65	0.25591	0.95091	0	0.393899397670282	2	NA	q11.1-q11.2	2327360688	2332287265
R1d1tg1	15	25303901	102445742	1411	77141841	0.00333	0.02872	0.49179	2	2	0	1	1	1	0	-0.0238856952463435	0	NA	q11.2-q26.3	2332589620	2409731461
R1d1tg1	16	133256	31848918	579	31715662	0.00519	0.01181	0.4711	2	2	0	1	1	1	0	-0.0858947628815281	0	NA	p13.3-p11.2	2409950367	2441666029
R1d1tg1	16	31923873	35205897	11	3282024	0.03769	0.00122	0.71104	4	4.0001	0	1	1	1	0	0.50800262695228	2	NA	p11.2-p11.1	2441740984	2445023008
R1d1tg1	16	46611314	58462043	156	11850729	0.01001	0.00441	0.49651	2	2	0	1	1	1	0	-0.0101053201243993	0	NA	q11.2-q21	2456428425	2468279154
R1d1tg1	16	58537047	90216989	409	31679942	0.00618	0.0118	0.46035	2	2	0	1	1	1	0	-0.119196948361808	0	NA	q21-q24.3	2468354158	2500034100
R1d1tg1	17	74406	20736798	479	20662392	0.00571	0.00769	0.47487	2	2	0	1	1	1	0	-0.0743954783380604	0	NA	p13.3-p11.2	2500246270	2520908662
R1d1tg1	17	20812189	22039232	15	1227043	0.03227	0.00046	0.69965	4	4	0	1	1	1	0	0.484705299252782	2	NA	p11.2	2520984053	2522211096
R1d1tg1	17	25337761	81122952	1302	55785191	0.00346	0.02077	0.48113	2	2	0	1	1	1	0	-0.0555013359954991	0	NA	q11.1-q25.3	2525509625	2581294816
R1d1tg1	18	85256	15335642	190	15250386	0.00907	0.00568	0.62011	3	3	0	1	1	1	0	0.310596059931911	1	NA	p11.32-p11.21	2581452330	2596702716
R1d1tg1	18	18736044	53932338	456	35196294	0.00585	0.0131	0.61251	3	3	0	1	1	1	0	0.292805303240318	1	NA	q11.1-q21.31	2600103118	2635299412
R1d1tg1	18	54007237	77941934	297	23934697	0.00725	0.00891	0.56421	3	3	0	1	1	1	0	0.174304141441222	1	NA	q21.31-q23	2635374311	2659309008
R1d1tg1	19	132118	8399817	213	8267699	0.00856	0.00308	0.57125	3	3	0	1	1	1	0	0.192194165283345	1	NA	p13.3-p13.2	2659576440	2667844139
R1d1tg1	19	8399866	8400740	17	874	0.03032	0	0.38964	1	1	0	1	1	1	0	-0.359786304429567	-1	NA	p13.2	2667844188	2667845062
R1d1tg1	19	8402653	23053417	373	14650764	0.00647	0.00545	0.55237	3	2.99999	1	0.62	0.366	0.86543	0	0.143706872017567	1	NA	p13.2-p12	2667846975	2682497739
R1d1tg1	19	23128553	24556146	20	1427593	0.02795	0.00053	0.72151	4	4.00007	0	0.28	0.03307	0.74291	0	0.529091295463804	2	NA	p12-p11	2682572875	2684000468
R1d1tg1	19	28189663	37512302	202	9322639	0.00879	0.00347	0.60336	3	3	0	1	1	1	0	0.271090960704852	1	NA	q11-q13.12	2687633985	2696956624
R1d1tg1	19	37586597	41081396	657	3494799	0.00488	0.0013	0.53448	2	2.00261	1	0.45	0.20628	0.67752	0	0.096207869072134	0	NA	q13.12-q13.2	2697030919	2700525718
R1d1tg1	19	41081443	51169984	153	10088541	0.01011	0.00376	0.59824	3	3	0	1	1	1	0	0.258796281421357	1	NA	q13.2-q13.33	2700525765	2710614306
R1d1tg1	19	51170035	51172503	36	2468	0.02083	0	0.44384	2	1.97588	0	1	1	1	0	-0.171888402113209	0	NA	q13.33	2710614357	2710616825
R1d1tg1	19	51175268	59043631	244	7868363	0.008	0.00293	0.56593	3	3	0	1	1	1	0	0.178695521953791	1	NA	q13.33-q13.43	2710619590	2718487953
R1d1tg1	20	135524	26244045	337	26108521	0.00681	0.00972	0.61349	3	3	0	1	1	1	0	0.295111732997576	1	NA	p13-p11.1	2718708829	2744817350
R1d1tg1	20	29879292	62935280	520	33055988	0.00548	0.01231	0.5783	3	3	0	1	1	1	0	0.209890007234039	1	Gain_20q13.33	q11.21-q13.33	2748452597	2781508585
R1d1tg1	21	14413541	48044695	438	33631154	0.00597	0.01252	0.37909	1	1	0	1	1	1	0	-0.399387694671845	-1	NA	q11.2-q22.3	2796012366	2829643520
R1d1tg1	22	16131356	51175001	506	35043645	0.00556	0.01305	0.57399	3	3	0	1	1	1	0	0.199097507734715	1	NA	q11.1-q13.33	2845860076	2880903721
R5d1tg1	1	93709	111181719	2041	111088010	0.00277	0.04136	0.49267	2	2	0	1	1	1	0	-0.0213064701399316	0	NA	p36.33-p13.3	93709	111181719
R5d1tg1	1	111256640	121286065	121	10029425	0.01136	0.00373	0.55256	3	2.99975	0	1	1	1	0	0.144203033874826	1	NA	p13.3-p11.2	111256640	121286065
R5d1tg1	1	142633228	240371114	1561	97737886	0.00316	0.03639	0.50586	2	2	0	1	1	1	0	0.0168100701658121	0	NA	q21.1-q43	142633228	240371114
R5d1tg1	1	240371163	240371803	14	640	0.03341	0	0.34919	0	0.00565	0	NA	0.01	1	1	-0.517915850802553	-2	NA	q43	240371163	240371803
R5d1tg1	1	240371852	249149416	161	8777564	0.00985	0.00327	0.49264	2	2	0	1	1	1	0	-0.0213943223919944	0	NA	q43-q44	240371852	249149416
R5d1tg1	2	86985	92106651	1426	92019666	0.00331	0.03426	0.50407	2	2	0	1	1	1	0	0.0116959992354696	0	NA	p25.3-p11.1	249337606	341357272
R5d1tg1	2	95399733	243170925	2475	147771192	0.00251	0.05502	0.50442	2	2	0	1	1	1	0	0.0126973840475826	0	NA	q11.1-q37.3	344650354	492421546
R5d1tg1	3	136041	90429560	1610	90293519	0.00312	0.03362	0.44175	1	1	0	1	1	1	0	-0.17869796011047	-1	Loss_3p25.3	p26.3-p11.1	492586035	582879554
R5d1tg1	3	93580643	181505180	1225	87924537	0.00357	0.03274	0.45244	1	1.00163	0	1	1	1	0	-0.144201611955294	-1	NA	q11.1-q26.33	586030637	673955174
R5d1tg1	3	181578743	195505339	406	13926596	0.0062	0.00519	0.41434	1	0.99988	0	1	1	1	0	-0.271112991403414	-1	NA	q26.33-q29	674028737	687955333
R5d1tg1	3	195505693	195515427	176	9734	0.00942	0	0.54859	3	2.99928	0	1	1	1	0	0.13380022930047	1	NA	q29	687955687	687965421
R5d1tg1	3	195515476	197886222	90	2370746	0.01318	0.00088	0.46307	2	1.6847	0	1	1	1	0	-0.110697799847855	0	NA	q29	687965470	690336216
R5d1tg1	4	88952	49263653	747	49174701	0.00457	0.01831	0.49459	2	2	0	1	1	1	0	-0.0156950243795996	0	NA	p16.3-p11	690561376	739736077
R5d1tg1	4	52735275	190818701	2233	138083426	0.00265	0.05141	0.49744	2	2	0	1	1	1	0	-0.00740557309574766	0	NA	q12-q35.2	743207699	881291125
R5d1tg1	5	85370	46330140	661	46244770	0.00486	0.01722	0.49076	2	2	0	1	1	1	0	-0.0269104297360646	0	NA	p15.33-p11	881712070	927956840
R5d1tg1	5	49481015	179548256	2076	130067241	0.00274	0.04843	0.50614	2	2	0	1	1	1	0	0.0176083994578216	0	NA	q11.1-q35.3	931107715	1061174956
R5d1tg1	5	179780131	180429789	29	649658	0.02321	0.00024	0.33353	0	0	1	NA	0.01	1	1	-0.584111561649381	-2	NA	q35.3	1061406831	1062056489
R5d1tg1	5	180430831	180847297	29	416466	0.02321	0.00016	0.46843	2	1.94517	0	1	1	1	0	-0.0940946205314458	0	NA	q35.3	1062057531	1062473997
R5d1tg1	6	135217	28463545	538	28328328	0.00539	0.01055	0.50533	2	2	0	1	1	1	0	0.0152977362984081	0	NA	p25.3-p22.1	1062677177	1091005505
R5d1tg1	6	28538652	33084961	44	4546309	0.01884	0.00169	0.24898	0	0	1	NA	0.01	1	1	-1.00589823636779	-2	NA	p22.1-p21.32	1091080612	1095626921
R5d1tg1	6	33430547	53194721	426	19764174	0.00606	0.00736	0.47625	2	1.99962	0	1	1	1	0	-0.0702090022814026	0	NA	p21.32-p12.1	1095972507	1115736681
R5d1tg1	6	53269988	58539101	66	5269113	0.01539	0.00196	0.54089	3	2.84452	0	1	1	1	0	0.113407130236196	1	NA	p12.1-p11.2	1115811948	1121081061
R5d1tg1	6	61942522	170982159	1591	109039637	0.00313	0.0406	0.50793	2	2	0	1	1	1	0	0.0227015918514546	0	NA	q11.1-q27	1124484482	1233524119
R5d1tg1	7	121242	57980673	960	57859431	0.00403	0.02154	0.51445	2	2.00001	0	1	1	1	0	0.0411027718191281	0	NA	p22.3-p11.2	1233778269	1291637700
R5d1tg1	7	61118627	65342013	48	4223386	0.01804	0.00157	0.51299	2	2.0002	0	1	1	1	0	0.0370026079605141	0	NA	q11.1-q11.21	1294775654	1298999040
R5d1tg1	7	65416998	82787901	225	17370903	0.00833	0.00647	0.4697	2	1.98133	0	1	1	1	0	-0.0901885012916617	0	NA	q11.21-q21.11	1299074025	1316444928
R5d1tg1	7	82862870	159053835	1596	76190965	0.00313	0.02837	0.50955	2	2	0	1	1	1	0	0.0272956240509075	0	NA	q21.11-q36.3	1316519897	1392710862
R5d1tg1	8	85136	43616065	729	43530929	0.00463	0.01621	0.49527	2	2	0	1	1	1	0	-0.0137128596651385	0	NA	p23.3-p11.1	1392880826	1436411755
R5d1tg1	8	47064138	146230986	1584	99166848	0.00314	0.03692	0.5032	2	2	0	1	1	1	0	0.00920382732983974	0	NA	q11.1-q24.3	1439859828	1539026676
R5d1tg1	9	85600	38987288	526	38901688	0.00545	0.01448	0.51338	2	2.00001	0	1	1	1	0	0.0380989983324581	0	NA	p24.3-p13.1	1539245312	1578147000
R5d1tg1	9	39062387	41640761	21	2578374	0.02728	0.00096	0.35836	0	0.002	0	NA	0.01	1	1	-0.480518481549258	-2	NA	p13.1-p12	1578222099	1580800473
R5d1tg1	9	41715583	47238907	51	5523324	0.0175	0.00206	0.51774	2	2.00091	0	1	1	1	0	0.0502996885854953	0	NA	p12-p11.2	1580875295	1586398619
R5d1tg1	9	65543125	141078492	1016	75535367	0.00392	0.02812	0.49288	2	2	0	1	1	1	0	-0.0206916541221308	0	NA	q12-q34.3	1604702837	1680238204
R5d1tg1	10	134766	38940611	807	38805845	0.0044	0.01445	0.50516	2	2	0	1	1	1	0	0.0148123120799303	0	NA	p15.3-p11.1	1680507909	1719313754
R5d1tg1	10	42840919	135449405	1536	92608486	0.00319	0.03448	0.49346	2	2	0	1	1	1	0	-0.0189949507132422	0	NA	q11.21-q26.3	1723214062	1815822548
R5d1tg1	11	139197	51342529	944	51203332	0.00407	0.01906	0.49938	2	2	0	1	1	1	0	-0.00179005191239566	0	NA	p15.5-p11.12	1816047087	1867250419
R5d1tg1	11	54918731	62284354	144	7365623	0.01042	0.00274	0.52087	2	2.00099	0	1	1	1	0	0.0589952512095013	0	NA	q11-q12.3	1870826621	1878192244
R5d1tg1	11	62284403	62299811	310	15408	0.0071	1e-05	0.58245	3	3.00235	0	1	1	1	0	0.220206113080184	1	NA	q12.3	1878192293	1878207701
R5d1tg1	11	62299860	134870991	1234	72571131	0.00356	0.02702	0.5104	2	2	0	1	1	1	0	0.0297002342154199	0	NA	q12.3-q25	1878207750	1950778881
R5d1tg1	12	77870	34332077	472	34254207	0.00575	0.01275	0.49886	2	2	0	1	1	1	0	-0.00329310025571795	0	NA	p13.33-p11.1	1950992276	1985246483
R5d1tg1	12	37933893	133767545	2098	95833652	0.00273	0.03568	0.50031	2	2	0	1	1	1	0	0.000894193753922665	0	NA	q11-q24.33	1988848299	2084681951
R5d1tg1	13	19095534	44156848	318	25061314	0.00701	0.00933	0.54378	3	2.99591	0	1	1	1	0	0.121094995733442	1	NA	q11-q14.11	2103861835	2128923149
R5d1tg1	13	44231881	115017146	973	70785265	0.00401	0.02635	0.4981	2	2	0	1	1	1	0	-0.00549268387686215	0	NA	q14.11-q34	2128998182	2199783447
R5d1tg1	14	19903562	107216558	1998	87312996	0.0028	0.03251	0.49596	2	2	0	1	1	1	0	-0.0117043253411153	0	NA	q11.2-q32.33	2219839741	2307152737
R5d1tg1	15	20074969	25001546	37	4926577	0.02055	0.00183	0.66182	5	4.97555	0	1	1	1	0	0.404510795229144	3	NA	q11.1-q11.2	2327360688	2332287265
R5d1tg1	15	25303901	102445742	1411	77141841	0.00333	0.02872	0.50526	2	2	0	1	1	1	0	0.0150978755180252	0	NA	q11.2-q26.3	2332589620	2409731461
R5d1tg1	16	133256	31848918	579	31715662	0.00519	0.01181	0.49353	2	2	0	1	1	1	0	-0.0187903110450964	0	NA	p13.3-p11.2	2409950367	2441666029
R5d1tg1	16	31923873	35205897	11	3282024	0.03769	0.00122	0.69674	5	5.01047	0	1	1	1	0	0.478692296228676	3	NA	p11.2-p11.1	2441740984	2445023008
R5d1tg1	16	46611314	58462043	156	11850729	0.01001	0.00441	0.53237	2	2.23452	0	1	1	1	0	0.0905011802116528	0	NA	q11.2-q21	2456428425	2468279154
R5d1tg1	16	58537047	90216989	409	31679942	0.00618	0.0118	0.47957	2	1.99994	0	1	1	1	0	-0.0601866826009009	0	NA	q21-q24.3	2468354158	2500034100
R5d1tg1	17	74406	20736798	479	20662392	0.00571	0.00769	0.48488	2	2	0	1	1	1	0	-0.0443003472283569	0	NA	p13.3-p11.2	2500246270	2520908662
R5d1tg1	17	20812189	22039232	15	1227043	0.03227	0.00046	0.65898	5	4.84752	0	1	1	1	0	0.398306585310046	3	NA	p11.2	2520984053	2522211096
R5d1tg1	17	25337761	81122952	1302	55785191	0.00346	0.02077	0.49411	2	2	0	1	1	1	0	-0.0170958409549668	0	NA	q11.1-q25.3	2525509625	2581294816
R5d1tg1	18	85256	15335642	190	15250386	0.00907	0.00568	0.53455	3	2.51033	0	1	1	1	0	0.0963968041871571	1	NA	p11.32-p11.21	2581452330	2596702716
R5d1tg1	18	18736044	53932338	456	35196294	0.00585	0.0131	0.52192	2	2.00097	0	1	1	1	0	0.0619005922750728	0	NA	q11.1-q21.31	2600103118	2635299412
R5d1tg1	18	54007237	77941934	297	23934697	0.00725	0.00891	0.48033	2	1.99995	0	1	1	1	0	-0.0579021770061834	0	NA	q21.31-q23	2635374311	2659309008
R5d1tg1	19	132118	8399817	213	8267699	0.00856	0.00308	0.50031	2	2	0	1	1	1	0	0.000894193753922665	0	NA	p13.3-p13.2	2659576440	2667844139
R5d1tg1	19	8399866	8400740	17	874	0.03032	0	0.31771	0	0	1	NA	0.01	1	1	-0.654217594941841	-2	NA	p13.2	2667844188	2667845062
R5d1tg1	19	8402653	23053417	373	14650764	0.00647	0.00545	0.4868	2	2	0	1	1	1	0	-0.038598926835721	0	NA	p13.2-p12	2667846975	2682497739
R5d1tg1	19	23128553	24556146	20	1427593	0.02795	0.00053	0.61408	4	3.95293	0	1	1	1	0	0.296498521758568	2	NA	p12-p11	2682572875	2684000468
R5d1tg1	19	28189663	37512302	202	9322639	0.00879	0.00347	0.52664	2	2.01625	0	1	1	1	0	0.0748890079816754	0	NA	q11-q13.12	2687633985	2696956624
R5d1tg1	19	37586597	41081396	657	3494799	0.00488	0.0013	0.45448	1	1.00696	0	1	1	1	0	-0.137711286795121	-1	NA	q13.12-q13.2	2697030919	2700525718
R5d1tg1	19	41081443	51169984	153	10088541	0.01011	0.00376	0.51192	2	2.00001	0	1	1	1	0	0.033990276624916	0	NA	q13.2-q13.33	2700525765	2710614306
R5d1tg1	19	51170035	51172503	36	2468	0.02083	0	0.34907	0	0	0	NA	0.01	1	1	-0.518411721700531	-2	NA	q13.33	2710614357	2710616825
R5d1tg1	19	51175268	59043631	244	7868363	0.008	0.00293	0.48747	2	2	0	1	1	1	0	-0.0366146599902418	0	NA	q13.33-q13.43	2710619590	2718487953
R5d1tg1	20	135524	26244045	337	26108521	0.00681	0.00972	0.51947	2	2.00027	0	1	1	1	0	0.0551123393220814	0	NA	p13-p11.1	2718708829	2744817350
R5d1tg1	20	29879292	62935280	520	33055988	0.00548	0.01231	0.50045	2	2	0	1	1	1	0	0.00129784159564679	0	NA	q11.21-q13.33	2748452597	2781508585
R5d1tg1	21	14413541	48044695	438	33631154	0.00597	0.01252	0.50254	2	2	0	1	1	1	0	0.00731033822993426	0	NA	q11.2-q22.3	2796012366	2829643520
R5d1tg1	22	16131356	51175001	506	35043645	0.00556	0.01305	0.49972	2	2	0	1	1	1	0	-0.000808135521969168	0	NA	q11.1-q13.33	2845860076	2880903721
